     Beta       T5-a2.0°-15.0m/s-VLM2         Beta       T5-a2.0°-15.0m/s-VLM2         Beta       T5-a2.0°-15.0m/s-VLM2         Beta       T5-a2.0°-15.0m/s-VLM2         Beta       T7-VLM2    
           -2       0.001531802             -2      -0.001894207             -2       0.002030225             -2       0.002004857              0      2.982056e-15  
         -1.5        0.00114989           -1.5      -0.001421217           -1.5       0.001523805           -1.5       0.001504217                                   
           -1      0.0007671412             -1     -0.0009477068             -1       0.001016404             -1       0.001003028                                   
         -0.5      0.0003837566           -0.5     -0.0004739064           -0.5      0.0005083609           -0.5      0.0005015562                                   
            0     -1.519262e-10              0       1.44347e-12              0     -6.180009e-10              0      1.297847e-12                                   
          0.5     -0.0003837569            0.5      0.0004739064            0.5     -0.0005083621            0.5     -0.0005015562                                   
            1     -0.0007671415              1      0.0009477068              1      -0.001016405              1      -0.001003028                                   
          1.5      -0.001149891            1.5       0.001421217            1.5      -0.001523806            1.5      -0.001504217                                   
            2      -0.001531803              2       0.001894207              2      -0.002030227              2      -0.002004857                                   
          2.5      -0.001912707            2.5       0.002366418            2.5      -0.002535311            2.5      -0.002504652                                   
            3      -0.002292449              3        0.00283759              3      -0.003038693              3      -0.003003283                                   
          3.5      -0.002670881            3.5       0.003307439            3.5      -0.003539993            3.5       -0.00350041                                   
            4      -0.003047859              4       0.003775692              4      -0.004038825              4      -0.003995703                                   
          4.5      -0.003423233            4.5       0.004242103            4.5      -0.004534799            4.5      -0.004488788                                   
            5      -0.003796855              5       0.004706351              5      -0.005027519              5      -0.004979347                                   
          5.5      -0.004168564            5.5        0.00516826            5.5      -0.005516591            5.5      -0.005466963                                   
            6      -0.004538204              6       0.005627484              6      -0.006001622              6      -0.005951355                                   
          6.5      -0.004905601            6.5       0.006083871            6.5      -0.006482223            6.5      -0.006432042                                   
            7      -0.005270585              7       0.006537114              7       -0.00695801              7      -0.006908806                                   
          7.5      -0.005632971            7.5       0.006987038            7.5       -0.00742861            7.5        -0.0073811                                   
            8      -0.005992574              8       0.007433403              8      -0.007893659              8      -0.007848755                                   
          8.5      -0.006349198            8.5       0.007876006            8.5       -0.00835281            8.5      -0.008311198                                   
            9      -0.006702641              9       0.008314668              9      -0.008805728              9      -0.008768272                                   
          9.5      -0.007052693            9.5       0.008749181            9.5      -0.009252096            9.5      -0.009219418                                   
           10      -0.007399135             10       0.009179396             10      -0.009691616             10      -0.009664479                                   

