     Beta       T5-a2.0°-15.0m/s-VLM2         Beta       T5-a2.0°-15.0m/s-VLM2         Beta       T5-a2.0°-15.0m/s-VLM2         Beta       T5-a2.0°-15.0m/s-VLM2         Beta       T7-VLM2    
           -2      -0.001274246             -2     -0.0009969931             -2      -0.000839166             -2      -0.001657069              0      2.290467e-17  
         -1.5     -0.0009500124           -1.5     -0.0007422035           -1.5     -0.0006324429           -1.5      -0.001247661                                   
           -1      -0.000630189             -1     -0.0004919013             -1     -0.0004231863             -1     -0.0008345202                                   
         -0.5     -0.0003140016           -0.5      -0.000244936           -0.5     -0.0002120671           -0.5     -0.0004181805                                   
            0      -1.45231e-11              0       1.15037e-11              0      1.183103e-11              0      1.054805e-11                                   
          0.5      0.0003140016            0.5       0.000244936            0.5      0.0002120671            0.5      0.0004181805                                   
            1       0.000630189              1      0.0004919013              1      0.0004231863              1      0.0008345202                                   
          1.5      0.0009500124            1.5      0.0007422035            1.5      0.0006324429            1.5       0.001247661                                   
            2       0.001274246              2      0.0009969931              2      0.0008391661              2       0.001657069                                   
          2.5       0.001603396            2.5       0.001257062            2.5       0.001043306            2.5       0.002063007                                   
            3       0.001937971              3       0.001522959              3       0.001244643              3       0.002465645                                   
          3.5       0.002278261            3.5       0.001794881            3.5       0.001442985            3.5       0.002865069                                   
            4       0.002624284              4       0.002073257              4       0.001638359              4         0.0032617                                   
          4.5       0.002976221            4.5        0.00235806            4.5       0.001830849            4.5       0.003656002                                   
            5       0.003334003              5       0.002649714              5       0.002020324              5       0.004047883                                   
          5.5       0.003697954            5.5       0.002947974            5.5       0.002206758            5.5       0.004437584                                   
            6       0.004067737              6       0.003252951              6       0.002390335              6       0.004825188                                   
          6.5       0.004443523            6.5       0.003564376            6.5       0.002571163            6.5       0.005210928                                   
            7       0.004825052              7       0.003882157              7       0.002749197              7       0.005594786                                   
          7.5       0.005212422            7.5       0.004206027            7.5       0.002924819            7.5       0.005976658                                   
            8       0.005605511              8       0.004535363              8       0.003098566              8       0.006356954                                   
          8.5       0.006004022            8.5       0.004870074            8.5       0.003270871            8.5       0.006735828                                   
            9       0.006407932              9        0.00520996              9       0.003442201              9       0.007113464                                   
          9.5       0.006817417            9.5       0.005554676            9.5       0.003613023            9.5        0.00748993                                   
           10       0.007232479             10       0.005903837             10       0.003783802             10       0.007865418                                   

