     Beta       T5-a2.0°-15.0m/s-VLM2         Beta       T5-a2.0°-15.0m/s-VLM2         Beta       T5-a2.0°-15.0m/s-VLM2         Beta       T5-a2.0°-15.0m/s-VLM2         Beta       T7-VLM2    
           -2       0.002789742             -2       0.002591725             -2       0.004809975             -2       0.003225956              0      1.824932e-16  
         -1.5       0.002091538           -1.5       0.001938498           -1.5       0.003618293           -1.5       0.002421442                                   
           -1       0.001394246             -1       0.001289734             -1         0.0024182             -1       0.001614987                                   
         -0.5      0.0006971698           -0.5      0.0006440787           -0.5       0.001211227           -0.5      0.0008075037                                   
            0     -3.240196e-11              0     -2.172661e-11              0     -1.325107e-10              0     -1.600602e-11                                   
          0.5     -0.0006971699            0.5     -0.0006440787            0.5      -0.001211227            0.5     -0.0008075038                                   
            1      -0.001394246              1      -0.001289734              1        -0.0024182              1      -0.001614987                                   
          1.5      -0.002091538            1.5      -0.001938498            1.5      -0.003618293            1.5      -0.002421442                                   
            2      -0.002789742              2      -0.002591725              2      -0.004809975              2      -0.003225956                                   
          2.5      -0.003489526            2.5      -0.003250461            2.5      -0.005992246            2.5      -0.004028016                                   
            3      -0.004191403              3      -0.003915512              3      -0.007164398              3      -0.004827292                                   
          3.5      -0.004895725            3.5      -0.004587431            3.5      -0.008325937            3.5      -0.005623766                                   
            4      -0.005602735              4      -0.005266559              4      -0.009476544              4      -0.006417618                                   
          4.5      -0.006312603            4.5       -0.00595324            4.5       -0.01061605            4.5      -0.007208376                                   
            5      -0.007025434              5      -0.006647453              5       -0.01174443              5      -0.007997227                                   
          5.5      -0.007741331            5.5      -0.007349348            5.5       -0.01286178            5.5      -0.008782659                                   
            6      -0.008460382              6      -0.008058792              6       -0.01396831              6      -0.009566899                                   
          6.5      -0.009182696            6.5      -0.008775612            6.5       -0.01506436            6.5        -0.0103474                                   
            7      -0.009908415              7      -0.009499735              7       -0.01615036              7       -0.01112732                                   
          7.5       -0.01063772            7.5       -0.01023065            7.5       -0.01722684            7.5       -0.01190301                                   
            8       -0.01137084              8       -0.01096833              8        -0.0182944              8        -0.0126787                                   
          8.5       -0.01210807            8.5       -0.01171205            8.5       -0.01935373            8.5        -0.0134494                                   
            9       -0.01284977              9       -0.01246168              9       -0.02040558              9        -0.0142206                                   
          9.5       -0.01359638            9.5       -0.01321649            9.5       -0.02145075            9.5       -0.01498594                                   
           10       -0.01434841             10       -0.01397604             10       -0.02249006             10       -0.01575197                                   

