            VLM2 -    0.0°-20.00m/s                    
   -0.9997266          71779.32     -0.2628947          96043.63  
   -0.9986369          72645.76     -0.2486842           97299.1  
   -0.9964734          74366.01     -0.2344737          98554.57  
   -0.9932677          76914.98     -0.2202632          99810.05  
   -0.9890665           80255.5     -0.2060526          101065.5  
    -0.983931          84338.86     -0.1918421            102321  
   -0.9779363          89105.52     -0.1776316          103576.5  
   -0.9711695          94485.96     -0.1634211          104831.9  
   -0.9637295          100401.7     -0.1492105          106087.4  
   -0.9557248          106766.6         -0.135          107342.9  
    -0.947272          113487.6     -0.1207895          108598.4  
   -0.9384945            120467     -0.1065789          109853.8  
   -0.9295201          127602.8    -0.09236842          111109.3  
   -0.9204799            134791    -0.07815789          112364.8  
   -0.9115055          141926.7    -0.06394737          113620.2  
    -0.902728          148906.1    -0.04973684          114875.7  
   -0.8942752          155627.1    -0.03552632          116131.2  
   -0.8862705            161992    -0.02131579          117386.7  
   -0.8788305          167907.7   -0.007105263          118642.1  
   -0.8720637          173288.2    0.007105263          118642.1  
    -0.866069          178054.8     0.02131579          117386.7  
   -0.8609335          182138.2     0.03552632          116131.2  
   -0.8567323          185478.7     0.04973684          114875.7  
   -0.8535266          188027.7     0.06394737          113620.2  
   -0.8513631          189747.9     0.07815789          112364.8  
   -0.8502734          190614.4     0.09236842          111109.3  
   -0.8489975          190853.5      0.1065789          109853.8  
    -0.845002          190940.2      0.1207895          108598.4  
   -0.8370692          191112.2          0.135          107342.9  
   -0.8253149          191367.1      0.1492105          106087.4  
   -0.8099105          191701.1      0.1634211          104831.9  
   -0.7910805          192109.5      0.1776316          103576.5  
   -0.7690996          192586.1      0.1918421            102321  
   -0.7442883          193124.2      0.2060526          101065.5  
   -0.7170083          193715.8      0.2202632          99810.05  
   -0.6876576          194352.2      0.2344737          98554.57  
   -0.6566641          195024.4      0.2486842           97299.1  
   -0.6244797          195722.3      0.2628947          96043.63  
   -0.5915738          196435.9                                   
   -0.5584262          197154.7                                   
   -0.5255203          197868.3                                   
   -0.4933359          198566.2                                   
   -0.4623424          199238.3                                   
   -0.4329917          199874.8                                   
   -0.4057117          200466.4                                   
   -0.3809004          201004.4                                   
   -0.3589195          201481.1                                   
   -0.3400895          201889.4                                   
   -0.3246851          202223.5                                   
   -0.3129308          202478.4                                   
    -0.304998          202650.4                                   
   -0.3010025            202737                                   
   -0.2994532          202867.5                                   
   -0.2972738          203300.7                                   
   -0.2929469          204160.8                                   
   -0.2865354          205435.3                                   
    -0.278133          207105.6                                   
   -0.2678621          209147.2                                   
   -0.2558725          211530.6                                   
   -0.2423391          214220.8                                   
   -0.2274591          217178.7                                   
   -0.2114496          220361.1                                   
    -0.194544          223721.6                                   
   -0.1769889          227211.3                                   
   -0.1590403          230779.2                                   
   -0.1409597          234373.3                                   
   -0.1230111          237941.2                                   
    -0.105456          241430.8                                   
   -0.0885504          244791.4                                   
  -0.07254091          247973.8                                   
  -0.05766094          250931.7                                   
  -0.04412749          253621.9                                   
   -0.0321379          256005.2                                   
  -0.02186701          258046.9                                   
  -0.01346458          259717.2                                   
 -0.007053145          260991.7                                   
 -0.002726198          261851.8                                   
-0.0005468344            262285                                   
 0.0005468344            262285                                   
  0.002726198          261851.8                                   
  0.007053145          260991.7                                   
   0.01346458          259717.2                                   
   0.02186701          258046.9                                   
    0.0321379          256005.2                                   
   0.04412749          253621.9                                   
   0.05766094          250931.7                                   
   0.07254091          247973.8                                   
    0.0885504          244791.4                                   
     0.105456          241430.8                                   
    0.1230111          237941.2                                   
    0.1409597          234373.3                                   
    0.1590403          230779.2                                   
    0.1769889          227211.3                                   
     0.194544          223721.6                                   
    0.2114496          220361.1                                   
    0.2274591          217178.7                                   
    0.2423391          214220.8                                   
    0.2558725          211530.6                                   
    0.2678621          209147.2                                   
     0.278133          207105.6                                   
    0.2865354          205435.3                                   
    0.2929469          204160.8                                   
    0.2972738          203300.7                                   
    0.2994532          202867.5                                   
    0.3010025            202737                                   
     0.304998          202650.4                                   
    0.3129308          202478.4                                   
    0.3246851          202223.5                                   
    0.3400895          201889.4                                   
    0.3589195          201481.1                                   
    0.3809004          201004.4                                   
    0.4057117          200466.4                                   
    0.4329917          199874.8                                   
    0.4623424          199238.3                                   
    0.4933359          198566.2                                   
    0.5255203          197868.3                                   
    0.5584262          197154.7                                   
    0.5915738          196435.9                                   
    0.6244797          195722.3                                   
    0.6566641          195024.4                                   
    0.6876576          194352.2                                   
    0.7170083          193715.8                                   
    0.7442883          193124.2                                   
    0.7690996          192586.1                                   
    0.7910805          192109.5                                   
    0.8099105          191701.1                                   
    0.8253149          191367.1                                   
    0.8370692          191112.2                                   
     0.845002          190940.2                                   
    0.8489975          190853.5                                   
    0.8502734          190614.4                                   
    0.8513631          189747.9                                   
    0.8535266          188027.7                                   
    0.8567323          185478.7                                   
    0.8609335          182138.2                                   
     0.866069          178054.8                                   
    0.8720637          173288.2                                   
    0.8788305          167907.7                                   
    0.8862705            161992                                   
    0.8942752          155627.1                                   
     0.902728          148906.1                                   
    0.9115055          141926.7                                   
    0.9204799            134791                                   
    0.9295201          127602.8                                   
    0.9384945            120467                                   
     0.947272          113487.6                                   
    0.9557248          106766.6                                   
    0.9637295          100401.7                                   
    0.9711695          94485.96                                   
    0.9779363          89105.52                                   
     0.983931          84338.86                                   
    0.9890665           80255.5                                   
    0.9932677          76914.98                                   
    0.9964734          74366.01                                   
    0.9986369          72645.76                                   
    0.9997266          71779.32                                   

