            VLM2 -    0.0°-15.00m/s                    
   -0.9997266         0.0820606     -0.2628947        -0.0726258  
   -0.9986369         0.1380071     -0.2486842         -0.104682  
   -0.9964734           0.19352     -0.2344737        -0.1264268  
   -0.9932677         0.2422132     -0.2202632        -0.1432502  
   -0.9890665         0.2824473     -0.2060526        -0.1572958  
    -0.983931         0.3139381     -0.1918421        -0.1696759  
   -0.9779363         0.3372768     -0.1776316        -0.1810485  
   -0.9711695         0.3535834     -0.1634211        -0.1918367  
   -0.9637295         0.3641879     -0.1492105         -0.202332  
   -0.9557248         0.3703856         -0.135        -0.2127504  
    -0.947272         0.3732999     -0.1207895        -0.2232674  
   -0.9384945         0.3738363     -0.1065789        -0.2340431  
   -0.9295201         0.3726951    -0.09236842        -0.2452498  
   -0.9204799          0.370407    -0.07815789        -0.2571281  
   -0.9115055         0.3673741    -0.06394737        -0.2702148  
    -0.902728         0.3639038    -0.04973684         -0.286382  
   -0.8942752         0.3602355    -0.03552632        -0.3017168  
   -0.8862705         0.3565598    -0.02131579        -0.3077152  
   -0.8788305         0.3530317   -0.007105263        -0.3089037  
   -0.8720637         0.3497791    0.007105263        -0.3089037  
    -0.866069         0.3469087     0.02131579        -0.3077152  
   -0.8609335         0.3445085     0.03552632        -0.3017168  
   -0.8567323           0.34265     0.04973684         -0.286382  
   -0.8535266         0.3413879     0.06394737        -0.2702148  
   -0.8513631         0.3407762     0.07815789        -0.2571281  
   -0.8502734         0.3413804     0.09236842        -0.2452498  
   -0.8489975         0.3429208      0.1065789        -0.2340431  
    -0.845002         0.3466012      0.1207895        -0.2232674  
   -0.8370692         0.3532481          0.135        -0.2127504  
   -0.8253149         0.3621338      0.1492105         -0.202332  
   -0.8099105         0.3724893      0.1634211        -0.1918367  
   -0.7910805         0.3835411      0.1776316        -0.1810485  
   -0.7690996         0.3946434      0.1918421        -0.1696759  
   -0.7442883         0.4053509      0.2060526        -0.1572958  
   -0.7170083         0.4154105      0.2202632        -0.1432502  
   -0.6876576         0.4247069      0.2344737        -0.1264268  
   -0.6566641         0.4332014      0.2486842         -0.104682  
   -0.6244797         0.4408882      0.2628947        -0.0726258  
   -0.5915738         0.4477686                                   
   -0.5584262          0.453839                                   
   -0.5255203          0.459089                                   
   -0.4933359         0.4635039                                   
   -0.4623424         0.4670728                                   
   -0.4329917         0.4698012                                   
   -0.4057117         0.4717269                                   
   -0.3809004         0.4729395                                   
   -0.3589195         0.4735967                                   
   -0.3400895         0.4739279                                   
   -0.3246851           0.47421                                   
   -0.3129308         0.4747024                                   
    -0.304998         0.4755381                                   
   -0.3010025         0.4765801                                   
   -0.2994532         0.4786699                                   
   -0.2972738         0.4794283                                   
   -0.2929469         0.4805644                                   
   -0.2865354         0.4823294                                   
    -0.278133         0.4847434                                   
   -0.2678621         0.4877265                                   
   -0.2558725          0.491146                                   
   -0.2423391         0.4948492                                   
   -0.2274591          0.498685                                   
   -0.2114496         0.5025177                                   
    -0.194544         0.5062338                                   
   -0.1769889         0.5097445                                   
   -0.1590403         0.5129831                                   
   -0.1409597         0.5158988                                   
   -0.1230111         0.5184522                                   
    -0.105456         0.5206113                                   
   -0.0885504         0.5223544                                   
  -0.07254091         0.5236836                                   
  -0.05766094         0.5246897                                   
  -0.04412749         0.5234126                                   
   -0.0321379         0.5211898                                   
  -0.02186701         0.5204364                                   
  -0.01346458         0.5196396                                   
 -0.007053145         0.5185789                                   
 -0.002726198         0.5175606                                   
-0.0005468344         0.5168583                                   
 0.0005468344         0.5168583                                   
  0.002726198         0.5175606                                   
  0.007053145         0.5185789                                   
   0.01346458         0.5196396                                   
   0.02186701         0.5204364                                   
    0.0321379         0.5211898                                   
   0.04412749         0.5234126                                   
   0.05766094         0.5246897                                   
   0.07254091         0.5236836                                   
    0.0885504         0.5223544                                   
     0.105456         0.5206113                                   
    0.1230111         0.5184522                                   
    0.1409597         0.5158988                                   
    0.1590403         0.5129831                                   
    0.1769889         0.5097445                                   
     0.194544         0.5062338                                   
    0.2114496         0.5025177                                   
    0.2274591          0.498685                                   
    0.2423391         0.4948492                                   
    0.2558725          0.491146                                   
    0.2678621         0.4877265                                   
     0.278133         0.4847434                                   
    0.2865354         0.4823294                                   
    0.2929469         0.4805644                                   
    0.2972738         0.4794283                                   
    0.2994532         0.4786699                                   
    0.3010025         0.4765801                                   
     0.304998         0.4755381                                   
    0.3129308         0.4747024                                   
    0.3246851           0.47421                                   
    0.3400895         0.4739279                                   
    0.3589195         0.4735967                                   
    0.3809004         0.4729395                                   
    0.4057117         0.4717269                                   
    0.4329917         0.4698012                                   
    0.4623424         0.4670728                                   
    0.4933359         0.4635039                                   
    0.5255203          0.459089                                   
    0.5584262          0.453839                                   
    0.5915738         0.4477686                                   
    0.6244797         0.4408882                                   
    0.6566641         0.4332014                                   
    0.6876576         0.4247069                                   
    0.7170083         0.4154105                                   
    0.7442883         0.4053509                                   
    0.7690996         0.3946434                                   
    0.7910805         0.3835411                                   
    0.8099105         0.3724893                                   
    0.8253149         0.3621338                                   
    0.8370692         0.3532481                                   
     0.845002         0.3466012                                   
    0.8489975         0.3429208                                   
    0.8502734         0.3413804                                   
    0.8513631         0.3407762                                   
    0.8535266         0.3413879                                   
    0.8567323           0.34265                                   
    0.8609335         0.3445085                                   
     0.866069         0.3469087                                   
    0.8720637         0.3497791                                   
    0.8788305         0.3530317                                   
    0.8862705         0.3565598                                   
    0.8942752         0.3602355                                   
     0.902728         0.3639038                                   
    0.9115055         0.3673741                                   
    0.9204799          0.370407                                   
    0.9295201         0.3726951                                   
    0.9384945         0.3738363                                   
     0.947272         0.3732999                                   
    0.9557248         0.3703856                                   
    0.9637295         0.3641879                                   
    0.9711695         0.3535834                                   
    0.9779363         0.3372768                                   
     0.983931         0.3139381                                   
    0.9890665         0.2824473                                   
    0.9932677         0.2422132                                   
    0.9964734           0.19352                                   
    0.9986369         0.1380071                                   
    0.9997266         0.0820606                                   

