     s       New curve 0    
            0         -2.170669  
         0.01         -2.082924  
         0.02         -1.991782  
         0.03         -1.897512  
         0.04         -1.800383  
         0.05         -1.700667  
         0.06         -1.598638  
         0.07         -1.494571  
         0.08         -1.388739  
         0.09         -1.281418  
          0.1         -1.172881  
         0.11           -1.0634  
         0.12        -0.9532438  
         0.13        -0.8426793  
         0.14        -0.7319696  
         0.15         -0.621374  
         0.16        -0.5111472  
         0.17        -0.4015388  
         0.18         -0.292793  
         0.19         -0.185148  
          0.2       -0.07883547  
         0.21        0.02591976  
         0.22         0.1289002  
         0.23         0.2298959  
         0.24         0.3287051  
         0.25         0.4251344  
         0.26         0.5189991  
         0.27         0.6101232  
         0.28         0.6983404  
         0.29         0.7834935  
          0.3         0.8654352  
         0.31         0.9440278  
         0.32          1.019144  
         0.33          1.090666  
         0.34          1.158488  
         0.35          1.222511  
         0.36          1.282651  
         0.37           1.33883  
         0.38          1.390984  
         0.39          1.439058  
          0.4          1.483006  
         0.41          1.522794  
         0.42          1.558398  
         0.43          1.589805  
         0.44          1.617009  
         0.45          1.640016  
         0.46          1.658842  
         0.47          1.673512  
         0.48          1.684059  
         0.49          1.690526  
          0.5          1.692966  
         0.51          1.691439  
         0.52          1.686012  
         0.53          1.676763  
         0.54          1.663776  
         0.55          1.647141  
         0.56          1.626957  
         0.57          1.603329  
         0.58          1.576369  
         0.59          1.546193  
          0.6          1.512924  
         0.61          1.476689  
         0.62          1.437622  
         0.63          1.395859  
         0.64          1.351542  
         0.65          1.304814  
         0.66          1.255825  
         0.67          1.204724  
         0.68          1.151664  
         0.69          1.096802  
          0.7          1.040292  
         0.71         0.9822949  
         0.72         0.9229678  
         0.73         0.8624707  
         0.74          0.800963  
         0.75          0.738604  
         0.76         0.6755522  
         0.77         0.6119653  
         0.78         0.5479995  
         0.79         0.4838094  
          0.8         0.4195476  
         0.81         0.3553644  
         0.82         0.2914074  
         0.83         0.2278213  
         0.84         0.1647474  
         0.85         0.1023238  
         0.86        0.04068458  
         0.87       -0.02004007  
         0.88       -0.07972426  
         0.89        -0.1382465  
          0.9        -0.1954902  
         0.91        -0.2513433  
         0.92        -0.3056991  
         0.93         -0.358456  
         0.94        -0.4095177  
         0.95        -0.4587936  
         0.96        -0.5061986  
         0.97        -0.5516533  
         0.98        -0.5950842  
         0.99        -0.6364236  
            1          -0.67561  
         1.01        -0.7125875  
         1.02        -0.7473067  
         1.03        -0.7797239  
         1.04        -0.8098016  
         1.05        -0.8375083  
         1.06        -0.8628186  
         1.07        -0.8857129  
         1.08        -0.9061777  
         1.09        -0.9242053  
          1.1        -0.9397938  
         1.11        -0.9529468  
         1.12        -0.9636739  
         1.13        -0.9719897  
         1.14        -0.9779145  
         1.15        -0.9814737  
         1.16        -0.9826977  
         1.17        -0.9816218  
         1.18        -0.9782864  
         1.19         -0.972736  
          1.2        -0.9650199  
         1.21        -0.9551912  
         1.22        -0.9433076  
         1.23          -0.92943  
         1.24        -0.9136235  
         1.25        -0.8959562  
         1.26        -0.8764995  
         1.27        -0.8553279  
         1.28        -0.8325187  
         1.29        -0.8081514  
          1.3        -0.7823081  
         1.31         -0.755073  
         1.32         -0.726532  
         1.33        -0.6967727  
         1.34        -0.6658841  
         1.35        -0.6339563  
         1.36        -0.6010804  
         1.37        -0.5673482  
         1.38         -0.532852  
         1.39        -0.4976842  
          1.4        -0.4619375  
         1.41        -0.4257043  
         1.42        -0.3890766  
         1.43        -0.3521459  
         1.44        -0.3150027  
         1.45        -0.2777367  
         1.46        -0.2404363  
         1.47        -0.2031888  
         1.48        -0.1660795  
         1.49        -0.1291924  
          1.5        -0.0926094  
         1.51       -0.05641034  
         1.52       -0.02067294  
         1.53        0.01452744  
         1.54        0.04911794  
         1.55        0.08302829  
         1.56          0.116191  
         1.57         0.1485413  
         1.58         0.1800174  
         1.59         0.2105608  
          1.6         0.2401156  
         1.61         0.2686297  
         1.62         0.2960539  
         1.63         0.3223423  
         1.64         0.3474527  
         1.65         0.3713459  
         1.66         0.3939866  
         1.67         0.4153427  
         1.68         0.4353856  
         1.69         0.4540905  
          1.7         0.4714357  
         1.71         0.4874033  
         1.72         0.5019788  
         1.73         0.5151512  
         1.74         0.5269129  
         1.75         0.5372597  
         1.76         0.5461908  
         1.77         0.5537085  
         1.78         0.5598187  
         1.79         0.5645301  
          1.8         0.5678548  
         1.81         0.5698076  
         1.82         0.5704067  
         1.83         0.5696726  
         1.84         0.5676289  
         1.85         0.5643019  
         1.86         0.5597202  
         1.87          0.553915  
         1.88         0.5469198  
         1.89         0.5387704  
          1.9         0.5295044  
         1.91         0.5191617  
         1.92         0.5077839  
         1.93         0.4954143  
         1.94         0.4820979  
         1.95          0.467881  
         1.96         0.4528115  
         1.97         0.4369381  
         1.98         0.4203109  
         1.99         0.4029808  
            2         0.3849994  
         2.01         0.3664193  
         2.02         0.3472932  
         2.03         0.3276745  
         2.04         0.3076168  
         2.05         0.2871737  
         2.06         0.2663991  
         2.07         0.2453465  
         2.08         0.2240693  
         2.09         0.2026206  
          2.1         0.1810529  
         2.11         0.1594182  
         2.12         0.1377678  
         2.13         0.1161522  
         2.14        0.09462097  
         2.15        0.07322264  
         2.16        0.05200471  
         2.17        0.03101344  
         2.18        0.01029382  
         2.19       -0.01011053  
          2.2       -0.03015744  
         2.21       -0.04980624  
         2.22       -0.06901787  
         2.23       -0.08775493  
         2.24        -0.1059817  
         2.25        -0.1236643  
         2.26        -0.1407705  
         2.27        -0.1572701  
         2.28        -0.1731349  
         2.29        -0.1883383  
          2.3        -0.2028559  
         2.31        -0.2166652  
         2.32        -0.2297459  
         2.33        -0.2420795  
         2.34        -0.2536496  
         2.35        -0.2644419  
         2.36        -0.2744441  
         2.37        -0.2836458  
         2.38        -0.2920389  
         2.39        -0.2996171  
          2.4        -0.3063762  
         2.41        -0.3123139  
         2.42        -0.3174299  
         2.43        -0.3217257  
         2.44        -0.3252048  
         2.45        -0.3278726  
         2.46         -0.329736  
         2.47         -0.330804  
         2.48        -0.3310871  
         2.49        -0.3305975  
          2.5        -0.3293489  
         2.51        -0.3273567  
         2.52        -0.3246377  
         2.53        -0.3212101  
         2.54        -0.3170934  
         2.55        -0.3123084  
         2.56        -0.3068773  
         2.57        -0.3008231  
         2.58        -0.2941702  
         2.59        -0.2869437  
          2.6        -0.2791698  
         2.61        -0.2708756  
         2.62        -0.2620887  
         2.63        -0.2528376  
         2.64        -0.2431513  
         2.65        -0.2330596  
         2.66        -0.2225923  
         2.67          -0.21178  
         2.68        -0.2006534  
         2.69        -0.1892434  
          2.7        -0.1775811  
         2.71        -0.1656978  
         2.72        -0.1536246  
         2.73        -0.1413926  
         2.74        -0.1290328  
         2.75         -0.116576  
         2.76        -0.1040527  
         2.77        -0.0914929  
         2.78       -0.07892647  
         2.79       -0.06638264  
          2.8       -0.05389013  
         2.81       -0.04147709  
         2.82       -0.02917101  
         2.83       -0.01699869  
         2.84      -0.004986173  
         2.85       0.006841279  
         2.86        0.01845926  
         2.87        0.02984425  
         2.88        0.04097364  
         2.89        0.05182581  
          2.9        0.06238012  
         2.91        0.07261695  
         2.92        0.08251775  
         2.93        0.09206506  
         2.94         0.1012425  
         2.95         0.1100349  
         2.96          0.118428  
         2.97         0.1264091  
         2.98         0.1339662  
         2.99         0.1410889  
            3         0.1477677  
         3.01         0.1539943  
         3.02         0.1597618  
         3.03         0.1650642  
         3.04         0.1698969  
         3.05         0.1742564  
         3.06         0.1781402  
         3.07         0.1815472  
         3.08         0.1844773  
         3.09         0.1869314  
          3.1         0.1889117  
         3.11         0.1904213  
         3.12         0.1914645  
         3.13         0.1920464  
         3.14         0.1921733  
         3.15         0.1918522  
         3.16         0.1910914  
         3.17         0.1898997  
         3.18         0.1882869  
         3.19         0.1862637  
          3.2         0.1838416  
         3.21         0.1810326  
         3.22         0.1778496  
         3.23         0.1743061  
         3.24         0.1704162  
         3.25         0.1661947  
         3.26         0.1616567  
         3.27          0.156818  
         3.28         0.1516946  
         3.29         0.1463032  
          3.3         0.1406607  
         3.31         0.1347842  
         3.32         0.1286912  
         3.33         0.1223994  
         3.34         0.1159266  
         3.35         0.1092908  
         3.36         0.1025101  
         3.37        0.09560262  
         3.38        0.08858638  
         3.39        0.08147948  
          3.4        0.07429989  
         3.41        0.06706545  
         3.42        0.05979384  
         3.43        0.05250254  
         3.44        0.04520879  
         3.45        0.03792954  
         3.46        0.03068146  
         3.47        0.02348084  
         3.48        0.01634361  
         3.49       0.009285293  
          3.5       0.002320968  
         3.51      -0.004534744  
         3.52       -0.01126772  
         3.53       -0.01786434  
         3.54       -0.02431155  
         3.55       -0.03059682  
         3.56       -0.03670823  
         3.57       -0.04263444  
         3.58       -0.04836475  
         3.59       -0.05388905  
          3.6       -0.05919792  
         3.61       -0.06428255  
         3.62       -0.06913482  
         3.63       -0.07374729  
         3.64       -0.07811317  
         3.65       -0.08222637  
         3.66       -0.08608149  
         3.67        -0.0896738  
         3.68       -0.09299928  
         3.69       -0.09605458  
          3.7       -0.09883703  
         3.71        -0.1013446  
         3.72        -0.1035761  
         3.73        -0.1055308  
         3.74        -0.1072086  
         3.75        -0.1086102  
         3.76         -0.109737  
         3.77        -0.1105907  
         3.78        -0.1111739  
         3.79        -0.1114897  
          3.8        -0.1115416  
         3.81        -0.1113339  
         3.82        -0.1108713  
         3.83        -0.1101591  
         3.84         -0.109203  
         3.85        -0.1080092  
         3.86        -0.1065844  
         3.87        -0.1049356  
         3.88        -0.1030704  
         3.89        -0.1009966  
          3.9       -0.09872241  
         3.91       -0.09625645  
         3.92       -0.09360755  
         3.93       -0.09078485  
         3.94       -0.08779774  
         3.95       -0.08465584  
         3.96       -0.08136898  
         3.97       -0.07794716  
         3.98       -0.07440051  
         3.99       -0.07073932  
            4       -0.06697395  
         4.01       -0.06311484  
         4.02       -0.05917248  
         4.03       -0.05515738  
         4.04       -0.05108003  
         4.05       -0.04695093  
         4.06        -0.0427805  
         4.07       -0.03857908  
         4.08       -0.03435694  
         4.09        -0.0301242  
          4.1       -0.02589086  
         4.11       -0.02166675  
         4.12       -0.01746151  
         4.13       -0.01328461  
         4.14      -0.009145251  
         4.15      -0.005052435  
         4.16      -0.001014892  
         4.17       0.002958918  
         4.18       0.006860817  
         4.19        0.01068293  
          4.2         0.0144177  
         4.21        0.01805789  
         4.22         0.0215966  
         4.23        0.02502728  
         4.24        0.02834375  
         4.25        0.03154018  
         4.26        0.03461112  
         4.27        0.03755149  
         4.28        0.04035662  
         4.29        0.04302222  
          4.3        0.04554437  
         4.31        0.04791958  
         4.32        0.05014474  
         4.33        0.05221715  
         4.34         0.0541345  
         4.35        0.05589488  
         4.36        0.05749678  
         4.37        0.05893906  
         4.38        0.06022101  
         4.39        0.06134226  
          4.4        0.06230286  
         4.41        0.06310319  
         4.42        0.06374404  
         4.43        0.06422651  
         4.44        0.06455209  
         4.45        0.06472258  
         4.46        0.06474014  
         4.47        0.06460721  
         4.48        0.06432658  
         4.49        0.06390131  
          4.5        0.06333476  
         4.51        0.06263056  
         4.52        0.06179258  
         4.53        0.06082497  
         4.54        0.05973209  
         4.55        0.05851852  
         4.56        0.05718907  
         4.57         0.0557487  
         4.58        0.05420258  
         4.59        0.05255602  
          4.6        0.05081449  
         4.61        0.04898358  
         4.62          0.047069  
         4.63        0.04507657  
         4.64        0.04301218  
         4.65         0.0408818  
         4.66        0.03869144  
         4.67        0.03644718  
         4.68         0.0341551  
         4.69         0.0318213  
          4.7        0.02945188  
         4.71        0.02705292  
         4.72        0.02463047  
         4.73        0.02219053  
         4.74        0.01973905  
         4.75        0.01728191  
         4.76        0.01482489  
         4.77        0.01237369  
         4.78       0.009933919  
         4.79       0.007511033  
          4.8       0.005110382  
         4.81       0.002737171  
         4.82      0.0003964553  
         4.83      -0.001906865  
         4.84       -0.00416806  
         4.85      -0.006382573  
         4.86      -0.008546031  
         4.87       -0.01065425  
         4.88       -0.01270324  
         4.89       -0.01468923  
          4.9       -0.01660863  
         4.91       -0.01845808  
         4.92       -0.02023443  
         4.93       -0.02193477  
         4.94       -0.02355639  
         4.95       -0.02509682  
         4.96       -0.02655381  
         4.97       -0.02792535  
         4.98       -0.02920966  
         4.99       -0.03040518  
            5        -0.0315106  
         5.01       -0.03252482  
         5.02       -0.03344698  
         5.03       -0.03427646  
         5.04       -0.03501284  
         5.05       -0.03565594  
         5.06        -0.0362058  
         5.07       -0.03666266  
         5.08       -0.03702699  
         5.09       -0.03729946  
          5.1       -0.03748094  
         5.11        -0.0375725  
         5.12       -0.03757539  
         5.13       -0.03749106  
         5.14       -0.03732114  
         5.15       -0.03706742  
         5.16       -0.03673187  
         5.17       -0.03631658  
         5.18       -0.03582385  
         5.19       -0.03525608  
          5.2        -0.0346158  
         5.21       -0.03390571  
         5.22       -0.03312857  
         5.23       -0.03228731  
         5.24       -0.03138491  
         5.25       -0.03042447  
         5.26       -0.02940917  
         5.27       -0.02834227  
         5.28       -0.02722708  
         5.29       -0.02606698  
          5.3       -0.02486539  
         5.31       -0.02362579  
         5.32       -0.02235167  
         5.33       -0.02104655  
         5.34       -0.01971397  
         5.35       -0.01835746  
         5.36       -0.01698058  
         5.37       -0.01558683  
         5.38       -0.01417975  
         5.39       -0.01276279  
          5.4       -0.01133943  
         5.41      -0.009913054  
         5.42       -0.00848703  
         5.43      -0.007064659  
         5.44      -0.005649181  
         5.45      -0.004243768  
         5.46      -0.002851513  
         5.47      -0.001475433  
         5.48     -0.0001184542  
         5.49       0.001216587  
          5.5       0.002526954  
         5.51       0.003810009  
         5.52       0.005063224  
         5.53       0.006284179  
         5.54       0.007470571  
         5.55       0.008620211  
         5.56       0.009731036  
         5.57         0.0108011  
         5.58         0.0118286  
         5.59        0.01281183  
          5.6        0.01374925  
         5.61        0.01463943  
         5.62        0.01548107  
         5.63        0.01627303  
         5.64        0.01701426  
         5.65         0.0177039  
         5.66        0.01834117  
         5.67        0.01892547  
         5.68        0.01945629  
         5.69        0.01993329  
          5.7        0.02035624  
         5.71        0.02072504  
         5.72        0.02103972  
         5.73        0.02130045  
         5.74        0.02150749  
         5.75        0.02166125  
         5.76        0.02176223  
         5.77        0.02181108  
         5.78        0.02180853  
         5.79        0.02175543  
          5.8        0.02165273  
         5.81        0.02150148  
         5.82        0.02130282  
         5.83        0.02105799  
         5.84        0.02076832  
         5.85        0.02043521  
         5.86        0.02006014  
         5.87        0.01964468  
         5.88        0.01919044  
         5.89        0.01869912  
          5.9        0.01817246  
         5.91        0.01761226  
         5.92        0.01702038  
         5.93        0.01639869  
         5.94        0.01574914  
         5.95        0.01507369  
         5.96        0.01437432  
         5.97        0.01365306  
         5.98        0.01291192  
         5.99        0.01215296  
            6        0.01137824  
         6.01        0.01058979  
         6.02       0.009789691  
         6.03       0.008979972  
         6.04       0.008162675  
         6.05       0.007339819  
         6.06       0.006513405  
         6.07       0.005685408  
         6.08       0.004857774  
         6.09       0.004032418  
          6.1       0.003211217  
         6.11       0.002396008  
         6.12       0.001588585  
         6.13      0.0007906924  
         6.14      4.026081e-06  
         6.15     -0.0007697729  
         6.16       -0.00152912  
         6.17       -0.00227249  
         6.18      -0.002998421  
         6.19      -0.003705513  
          6.2      -0.004392434  
         6.21      -0.005057922  
         6.22      -0.005700783  
         6.23      -0.006319895  
         6.24      -0.006914213  
         6.25      -0.007482761  
         6.26      -0.008024645  
         6.27      -0.008539042  
         6.28      -0.009025209  
         6.29      -0.009482481  
          6.3       -0.00991027  
         6.31       -0.01030807  
         6.32       -0.01067544  
         6.33       -0.01101203  
         6.34       -0.01131756  
         6.35       -0.01159184  
         6.36       -0.01183474  
         6.37        -0.0120462  
         6.38       -0.01222626  
         6.39       -0.01237501  
          6.4       -0.01249261  
         6.41       -0.01257931  
         6.42       -0.01263541  
         6.43       -0.01266127  
         6.44       -0.01265734  
         6.45       -0.01262411  
         6.46       -0.01256214  
         6.47       -0.01247204  
         6.48       -0.01235447  
         6.49       -0.01221018  
          6.5       -0.01203992  
         6.51       -0.01184451  
         6.52       -0.01162482  
         6.53       -0.01138176  
         6.54       -0.01111628  
         6.55       -0.01082935  
         6.56         -0.010522  
         6.57       -0.01019527  
         6.58      -0.009850232  
         6.59      -0.009487992  
          6.6       -0.00910967  
         6.61      -0.008716407  
         6.62      -0.008309361  
         6.63        -0.0078897  
         6.64      -0.007458605  
         6.65      -0.007017264  
         6.66      -0.006566867  
         6.67      -0.006108609  
         6.68       -0.00564368  
         6.69      -0.005173269  
          6.7      -0.004698556  
         6.71      -0.004220713  
         6.72        -0.0037409  
         6.73      -0.003260263  
         6.74       -0.00277993  
         6.75       -0.00230101  
         6.76      -0.001824591  
         6.77      -0.001351737  
         6.78     -0.0008834878  
         6.79     -0.0004208533  
          6.8      3.518478e-05  
         6.81      0.0004836766  
         6.82      0.0009237051  
         6.83       0.001354388  
         6.84       0.001774879  
         6.85        0.00218437  
         6.86       0.002582091  
         6.87       0.002967311  
         6.88       0.003339342  
         6.89       0.003697536  
          6.9        0.00404129  
         6.91       0.004370041  
         6.92       0.004683273  
         6.93       0.004980513  
         6.94       0.005261333  
         6.95       0.005525351  
         6.96        0.00577223  
         6.97       0.006001676  
         6.98       0.006213443  
         6.99       0.006407329  
            7       0.006583178  
         7.01       0.006740876  
         7.02       0.006880354  
         7.03       0.007001588  
         7.04       0.007104594  
         7.05       0.007189432  
         7.06       0.007256203  
         7.07       0.007305047  
         7.08       0.007336145  
         7.09       0.007349715  
          7.1       0.007346012  
         7.11       0.007325327  
         7.12       0.007287988  
         7.13       0.007234352  
         7.14       0.007164811  
         7.15       0.007079787  
         7.16        0.00697973  
         7.17       0.006865119  
         7.18       0.006736457  
         7.19       0.006594274  
          7.2        0.00643912  
         7.21       0.006271567  
         7.22       0.006092208  
         7.23       0.005901651  
         7.24       0.005700523  
         7.25       0.005489461  
         7.26        0.00526912  
         7.27       0.005040162  
         7.28       0.004803258  
         7.29        0.00455909  
          7.3       0.004308341  
         7.31       0.004051702  
         7.32       0.003789864  
         7.33        0.00352352  
         7.34       0.003253362  
         7.35       0.002980078  
         7.36       0.002704354  
         7.37        0.00242687  
         7.38       0.002148297  
         7.39       0.001869301  
          7.4       0.001590534  
         7.41       0.001312641  
         7.42       0.001036251  
         7.43      0.0007619817  
         7.44      0.0004904338  
         7.45       0.000222193  
         7.46     -4.217248e-05  
         7.47     -0.0003021129  
         7.48     -0.0005570975  
         7.49      -0.000806616  
          7.5      -0.001050179  
         7.51      -0.001287319  
         7.52      -0.001517591  
         7.53      -0.001740573  
         7.54      -0.001955867  
         7.55      -0.002163099  
         7.56      -0.002361922  
         7.57       -0.00255201  
         7.58      -0.002733067  
         7.59      -0.002904819  
          7.6      -0.003067022  
         7.61      -0.003219454  
         7.62      -0.003361922  
         7.63      -0.003494259  
         7.64      -0.003616323  
         7.65         -0.003728  
         7.66      -0.003829201  
         7.67      -0.003919861  
         7.68      -0.003999944  
         7.69      -0.004069437  
          7.7      -0.004128351  
         7.71      -0.004176724  
         7.72      -0.004214615  
         7.73      -0.004242109  
         7.74      -0.004259311  
         7.75      -0.004266351  
         7.76      -0.004263378  
         7.77      -0.004250563  
         7.78      -0.004228097  
         7.79       -0.00419619  
          7.8      -0.004155071  
         7.81      -0.004104985  
         7.82      -0.004046196  
         7.83      -0.003978982  
         7.84      -0.003903638  
         7.85      -0.003820472  
         7.86      -0.003729803  
         7.87      -0.003631966  
         7.88      -0.003527304  
         7.89      -0.003416173  
          7.9      -0.003298935  
         7.91      -0.003175964  
         7.92      -0.003047637  
         7.93      -0.002914341  
         7.94      -0.002776465  
         7.95      -0.002634406  
         7.96       -0.00248856  
         7.97      -0.002339328  
         7.98      -0.002187112  
         7.99      -0.002032314  

