     s       New curve 0    
            0     -3.726945e-20  
         0.15     -7.699224e-05  
          0.3     -0.0001294959  
         0.45     -0.0001783979  
          0.6     -0.0002262161  
         0.75     -0.0002716654  
          0.9     -0.0003145167  
         1.05     -0.0003544232  
          1.2     -0.0003910771  
         1.35     -0.0004241996  
          1.5     -0.0004535434  
         1.65     -0.0004788945  
          1.8     -0.0005000736  
         1.95     -0.0005169375  
          2.1     -0.0005293799  
         2.25     -0.0005373321  
          2.4     -0.0005407631  
         2.55     -0.0005396798  
          2.7     -0.0005341262  
         2.85     -0.0005241835  
            3     -0.0005099682  
         3.15     -0.0004916319  
          3.3     -0.0004693586  
         3.45     -0.0004433641  
          3.6      -0.000413893  
         3.75     -0.0003812171  
          3.9     -0.0003456325  
         4.05     -0.0003074573  
          4.2     -0.0002670284  
         4.35     -0.0002246989  
          4.5     -0.0001808349  
         4.65     -0.0001358125  
          4.8     -9.001419e-05  
         4.95     -4.382623e-05  
          5.1      2.365092e-06  
         5.25      4.817642e-05  
          5.4      9.323054e-05  
         5.55      0.0001371595  
          5.7      0.0001796075  
         5.85      0.0002202338  
            6      0.0002587155  
         6.15        0.00029475  
          6.3      0.0003280573  
         6.45      0.0003583823  
          6.6      0.0003854967  
         6.75      0.0004092004  
          6.9      0.0004293233  
         7.05      0.0004457265  
          7.2      0.0004583027  
         7.35      0.0004669775  
          7.5      0.0004717093  
         7.65      0.0004724897  
          7.8      0.0004693429  
         7.95      0.0004623257  
          8.1      0.0004515266  
         8.25      0.0004370647  
          8.4      0.0004190885  
         8.55      0.0003977747  
          8.7      0.0003733261  
         8.85      0.0003459702  
            9      0.0003159566  
         9.15      0.0002835552  
          9.3      0.0002490534  
         9.45      0.0002127539  
          9.6      0.0001749721  
         9.75      0.0001360329  
          9.9      9.626871e-05  
        10.05      5.601581e-05  
         10.2      1.561208e-05  
        10.35     -2.460598e-05  
         10.5     -6.430609e-05  
        10.65     -0.0001031628  
         10.8     -0.0001408603  
        10.95     -0.0001770947  
         11.1     -0.0002115768  
        11.25      -0.000244034  
         11.4     -0.0002742129  
        11.55     -0.0003018807  
         11.7     -0.0003268274  
        11.85     -0.0003488673  
           12     -0.0003678401  
        12.15     -0.0003836123  
         12.3      -0.000396078  
        12.45     -0.0004051595  
         12.6     -0.0004108078  
        12.75      -0.000413003  
         12.9     -0.0004117536  
        13.05     -0.0004070969  
         13.2     -0.0003990982  
        13.35       -0.00038785  
         13.5     -0.0003734708  
        13.65     -0.0003561045  
         13.8     -0.0003359185  
        13.95     -0.0003131023  
         14.1     -0.0002878657  
        14.25     -0.0002604372  
         14.4     -0.0002310613  
        14.55     -0.0001999971  
         14.7     -0.0001675156  
        14.85     -0.0001338973  
           15     -9.943006e-05  
        15.15     -6.440662e-05  
         15.3     -2.912194e-05  
        15.45      6.129141e-06  
         15.6      4.105434e-05  
        15.75      7.536637e-05  
         15.9      0.0001087853  
        16.05      0.0001410407  
         16.2       0.000171874  
        16.35      0.0002010404  
         16.5      0.0002283109  
        16.65       0.000253474  
         16.8      0.0002763373  
        16.95       0.000296729  
         17.1      0.0003144991  
        17.25      0.0003295206  
         17.4      0.0003416904  
        17.55      0.0003509296  
         17.7      0.0003571846  
        17.85      0.0003604265  
           18      0.0003606521  
        18.15       0.000357883  
         18.3      0.0003521655  
        18.45      0.0003435702  
         18.6      0.0003321907  
        18.75      0.0003181433  
         18.9      0.0003015652  
        19.05      0.0002826139  
         19.2      0.0002614652  
        19.35      0.0002383116  
         19.5       0.000213361  
        19.65      0.0001868344  
         19.8      0.0001589643  
        19.95      0.0001299924  
         20.1      0.0001001678  
        20.25      6.974462e-05  
         20.4      3.897999e-05  
        20.55      8.131896e-06  
         20.7     -2.254302e-05  
        20.85     -5.279155e-05  
           21     -8.236599e-05  
        21.15     -0.0001110262  
         21.3     -0.0001385414  
        21.45     -0.0001646922  
         21.6     -0.0001892723  
        21.75     -0.0002120899  
         21.9     -0.0002329695  
        22.05     -0.0002517528  
         22.2     -0.0002683003  
        22.35     -0.0002824922  
         22.5     -0.0002942291  
        22.65     -0.0003034327  
         22.8     -0.0003100464  
        22.95     -0.0003140355  
         23.1     -0.0003153875  
        23.25     -0.0003141115  
         23.4     -0.0003102388  
        23.55     -0.0003038218  
         23.7     -0.0002949335  
        23.85      -0.000283667  
           24     -0.0002701343  
        24.15     -0.0002544654  
         24.3     -0.0002368071  
        24.45     -0.0002173213  
         24.6     -0.0001961841  
        24.75     -0.0001735837  
         24.9     -0.0001497191  
        25.05     -0.0001247982  
         25.2     -9.903608e-05  
        25.35     -7.265308e-05  
         25.5     -4.587298e-05  
        25.65     -1.892112e-05  
         25.8      7.977486e-06  
        25.95      3.460004e-05  
         26.1      6.072776e-05  
        26.25      8.614768e-05  
         26.4      0.0001106544  
        26.55      0.0001340516  
         26.7      0.0001561538  
        26.85      0.0001767877  
           27      0.0001957936  
        27.15      0.0002130263  
         27.3      0.0002283568  
        27.45      0.0002416726  
         27.6      0.0002528789  
        27.75      0.0002618993  
         27.9      0.0002686758  
        28.05      0.0002731699  
         28.2      0.0002753619  
        28.35      0.0002752517  
         28.5      0.0002728581  
        28.65      0.0002682188  
         28.8      0.0002613899  
        28.95       0.000252445  
         29.1       0.000241475  
        29.25      0.0002285866  
         29.4      0.0002139018  
        29.55      0.0001975565  
         29.7      0.0001796992  
        29.85        0.00016049  
           30      0.0001400988  
        30.15       0.000118704  
         30.3      9.649111e-05  
        30.45      7.365072e-05  
         30.6      5.037731e-05  
        30.75      2.686742e-05  
         30.9      3.317969e-06  
        31.05     -2.007529e-05  
         31.2     -4.311944e-05  
        31.35     -6.562598e-05  
         31.5     -8.741232e-05  
        31.65     -0.0001083033  
         31.8     -0.0001281325  
        31.95     -0.0001467437  
         32.1     -0.0001639919  
        32.25     -0.0001797446  
         32.4     -0.0001938828  
        32.55     -0.0002063017  
         32.7     -0.0002169117  
        32.85     -0.0002256388  
           33     -0.0002324253  
        33.15     -0.0002372301  
         33.3     -0.0002400287  
        33.45     -0.0002408135  
         33.6     -0.0002395938  
        33.75     -0.0002363953  
         33.9       -0.00023126  
        34.05     -0.0002242455  
         34.2     -0.0002154249  
        34.35     -0.0002048853  
         34.5     -0.0001927277  
        34.65     -0.0001790655  
         34.8     -0.0001640239  
        34.95     -0.0001477385  
         35.1     -0.0001303541  
        35.25     -0.0001120236  
         35.4     -9.290639e-05  
        35.55     -7.316735e-05  
         35.7     -5.297512e-05  
        35.85     -3.250079e-05  
           36     -1.191648e-05  
        36.15      8.606124e-06  
         36.3       2.88972e-05  
        36.45      4.879017e-05  
         36.6      6.812305e-05  
        36.75      8.673976e-05  
         36.9      0.0001044914  
        37.05      0.0001212374  
         37.2      0.0001368467  
        37.35      0.0001511985  
         37.5      0.0001641836  
        37.65       0.000175705  
         37.8      0.0001856783  
        37.95      0.0001940329  
         38.1      0.0002007121  
        38.25      0.0002056735  
         38.4      0.0002088895  
        38.55      0.0002103468  
         38.7      0.0002100472  
        38.85      0.0002080068  
           39      0.0002042561  
        39.15      0.0001988396  
         39.3      0.0001918153  
        39.45      0.0001832539  
         39.6      0.0001732386  
        39.75      0.0001618638  
         39.9      0.0001492345  
        40.05      0.0001354652  
         40.2      0.0001206792  
        40.35       0.000105007  
         40.5      8.858575e-05  
        40.65      7.155742e-05  
         40.8       5.40681e-05  
        40.95      3.626654e-05  
         41.1      1.830289e-05  
        41.25      3.275026e-07  
         41.4     -1.751037e-05  
        41.55     -3.506376e-05  
         41.7     -5.218923e-05  
        41.85     -6.874799e-05  
           42     -8.460705e-05  
        42.15     -9.964025e-05  
         42.3     -0.0001137293  
        42.45     -0.0001267646  
         42.6     -0.0001386462  
        42.75     -0.0001492846  
         42.9     -0.0001586011  
        43.05     -0.0001665287  
         43.2     -0.0001730126  
        43.35       -0.00017801  
         43.5     -0.0001814912  
        43.65     -0.0001834392  
         43.8     -0.0001838496  
        43.95     -0.0001827311  
         44.1     -0.0001801049  
        44.25     -0.0001760046  
         44.4     -0.0001704756  
        44.55     -0.0001635751  
         44.7     -0.0001553709  
        44.85     -0.0001459414  
           45     -0.0001353743  
        45.15     -0.0001237662  
         45.3     -0.0001112216  
        45.45      -9.78519e-05  
         45.6     -8.377443e-05  
        45.75     -6.911156e-05  
         45.9     -5.398956e-05  
        46.05     -3.853749e-05  
         46.2     -2.288616e-05  
        46.35     -7.167016e-06  
         46.5      8.488974e-06  
        46.65      2.395237e-05  
         46.8      3.909636e-05  
        46.95      5.379775e-05  
         47.1        6.7938e-05  
        47.25      8.140414e-05  
         47.4      9.408967e-05  
        47.55      0.0001058954  
         47.7      0.0001167303  
        47.85      0.0001265119  
           48      0.0001351673  
        48.15      0.0001426335  
         48.3      0.0001488577  
        48.45      0.0001537981  
         48.6      0.0001574236  
        48.75      0.0001597144  
         48.9       0.000160662  
        49.05      0.0001602688  
         49.2      0.0001585487  
        49.35      0.0001555263  
         49.5      0.0001512368  
        49.65      0.0001457257  
         49.8      0.0001390482  
        49.95       0.000131269  
         50.1       0.000122461  
        50.25      0.0001127055  
         50.4      0.0001020908  
        50.55      9.071176e-05  
         50.7      7.866865e-05  
        50.85      6.606665e-05  
           51      5.301471e-05  
        51.15      3.962464e-05  
         51.3       2.60102e-05  
        51.45      1.228612e-05  
         51.6     -1.432844e-06  
        51.75     -1.503289e-05  
         51.9     -2.840208e-05  
        52.05     -4.143126e-05  
         52.2     -5.401498e-05  
        52.35     -6.605227e-05  
         52.5      -7.74475e-05  
        52.65     -8.811111e-05  
         52.8     -9.796033e-05  
        52.95     -0.0001069198  
         53.1      -0.000114922  
        53.25     -0.0001219081  
         53.4     -0.0001278281  
        53.55      -0.000132641  
         53.7     -0.0001363157  
        53.85     -0.0001388304  
           54     -0.0001401734  
        54.15     -0.0001403427  
         54.3      -0.000139346  
        54.45     -0.0001372007  
         54.6     -0.0001339335  
        54.75     -0.0001295804  
         54.9     -0.0001241858  
        55.05     -0.0001178028  
         55.2      -0.000110492  
        55.35     -0.0001023213  
         55.5     -9.336513e-05  
        55.65     -8.370408e-05  
         55.8     -7.342376e-05  
        55.95     -6.261433e-05  
         56.1     -5.136961e-05  
        56.25     -3.978631e-05  
         56.4     -2.796322e-05  
        56.55      -1.60003e-05  
         56.7     -3.997929e-06  
        56.85      7.943979e-06  
           57       1.97268e-05  
        57.15      3.125398e-05  
         57.3      4.243187e-05  
        57.45      5.317043e-05  
         57.6      6.338396e-05  
        57.75      7.299181e-05  
         57.9      8.191896e-05  
        58.05      9.009665e-05  
         58.2      9.746286e-05  
        58.35      0.0001039628  
         58.5      0.0001095492  
        58.65       0.000114183  
         58.8       0.000117833  
        58.95      0.0001204768  
         59.1         0.0001221  
        59.25      0.0001226974  
         59.4      0.0001222719  
        59.55      0.0001208349  
         59.7      0.0001184065  
        59.85      0.0001150143  
           60      0.0001106942  
        60.15      0.0001054891  
         60.3      9.944924e-05  
        60.45      9.263119e-05  
         60.6      8.509762e-05  
        60.75      7.691662e-05  
         60.9      6.816114e-05  
        61.05      5.890832e-05  
         61.2      4.923882e-05  
        61.35      3.923615e-05  
         61.5       2.89859e-05  
        61.65      1.857508e-05  
         61.8      8.091328e-06  
        61.95      -2.37778e-06  
         62.1     -1.274548e-05  
        62.25     -2.292652e-05  
         62.4     -3.283788e-05  
        62.55      -4.23994e-05  
         62.7     -5.153446e-05  
        62.85     -6.017059e-05  
           63     -6.824001e-05  
        63.15     -7.568017e-05  
         63.3     -8.243424e-05  
        63.45     -8.845152e-05  
         63.6     -9.368783e-05  
        63.75     -9.810579e-05  
         63.9     -0.0001016751  
        64.05     -0.0001043729  
         64.2     -0.0001061834  
        64.35     -0.0001070986  
         64.5     -0.0001071179  
        64.65     -0.0001062482  
         64.8     -0.0001045034  
        64.95     -0.0001019051  
         65.1     -9.848134e-05  
        65.25     -9.426704e-05  
         65.4     -8.930331e-05  
        65.55     -8.363722e-05  
         65.7     -7.732125e-05  
        65.85     -7.041289e-05  
           66     -6.297409e-05  
        66.15     -5.507072e-05  
         66.3       -4.6772e-05  
        66.45     -3.814988e-05  
         66.6     -2.927843e-05  
        66.75     -2.023322e-05  
         66.9     -1.109066e-05  
        67.05     -1.927399e-06  
         67.2      7.180373e-06  
        67.35       1.61575e-05  
         67.5      2.493051e-05  
        67.65      3.342818e-05  
         67.8      4.158215e-05  
        67.95      4.932742e-05  
         68.1      5.660292e-05  
        68.25      6.335193e-05  
         68.4      6.952254e-05  
        68.55      7.506807e-05  
         68.7      7.994738e-05  
        68.85      8.412515e-05  
           69      8.757221e-05  
        69.15      9.026563e-05  
         69.3      9.218896e-05  
        69.45      9.333224e-05  
         69.6      9.369206e-05  
        69.75      9.327156e-05  
         69.9       9.20803e-05  
        70.05      9.013419e-05  
         70.2      8.745527e-05  
        70.35      8.407149e-05  
         70.5      8.001642e-05  
        70.65      7.532896e-05  
         70.8      7.005294e-05  
        70.95      6.423673e-05  
         71.1      5.793282e-05  
        71.25      5.119732e-05  
         71.4       4.40895e-05  
        71.55      3.667124e-05  
         71.7      2.900654e-05  
        71.85      2.116092e-05  
           72       1.32009e-05  
        72.15       5.19343e-06  
         72.3     -2.794667e-06  
        72.45     -1.069725e-05  
         72.6     -1.844941e-05  
        72.75     -2.598799e-05  
         72.9     -3.325208e-05  
        73.05     -4.018356e-05  
         73.2     -4.672748e-05  
        73.35     -5.283258e-05  
         73.5     -5.845161e-05  
        73.65     -6.354173e-05  
         73.8     -6.806482e-05  
        73.95     -7.198778e-05  
         74.1     -7.528273e-05  
        74.25     -7.792723e-05  
         74.4      -7.99044e-05  
        74.55     -8.120304e-05  
         74.7     -8.181768e-05  
        74.85     -8.174854e-05  
           75     -8.100154e-05  
        75.15     -7.958815e-05  
         75.3     -7.752532e-05  
        75.45     -7.483522e-05  
         75.6     -7.154508e-05  
        75.75     -6.768687e-05  
         75.9     -6.329705e-05  
        76.05      -5.84162e-05  
         76.2     -5.308865e-05  
        76.35      -4.73621e-05  
         76.5     -4.128718e-05  
        76.65     -3.491702e-05  
         76.8      -2.83068e-05  
        76.95     -2.151324e-05  
         77.1     -1.459415e-05  
        77.25     -7.607921e-06  
         77.4      -6.13064e-07  
        77.55      6.332309e-06  
         77.7      1.317095e-05  
        77.85      1.984693e-05  
           78      2.630613e-05  
        78.15      3.249663e-05  
         78.3      3.836915e-05  
        78.45      4.387745e-05  
         78.6      4.897864e-05  
        78.75      5.363359e-05  
         78.9      5.780712e-05  
        79.05      6.146838e-05  
         79.2      6.459096e-05  
        79.35      6.715316e-05  
         79.5      6.913809e-05  
        79.65      7.053378e-05  
         79.8      7.133324e-05  
        79.95       7.15345e-05  
         80.1      7.114054e-05  
        80.25      7.015928e-05  
         80.4      6.860345e-05  
        80.55      6.649044e-05  
         80.7      6.384213e-05  
        80.85      6.068467e-05  
           81      5.704825e-05  
        81.15      5.296677e-05  
         81.3      4.847758e-05  
        81.45      4.362111e-05  
         81.6      3.844053e-05  
        81.75      3.298136e-05  
         81.9      2.729108e-05  
        82.05      2.141872e-05  
         82.2      1.541442e-05  
        82.35      9.329044e-06  
         82.5      3.213726e-06  
        82.65     -2.880552e-06  
         82.8     -8.903381e-06  
        82.95     -1.480534e-05  
         83.1     -2.053838e-05  
        83.25     -2.605626e-05  
         83.4     -3.131485e-05  
        83.55     -3.627255e-05  
         83.7     -4.089056e-05  
        83.85      -4.51332e-05  
           84     -4.896819e-05  
        84.15     -5.236689e-05  
         84.3     -5.530451e-05  
        84.45     -5.776025e-05  
         84.6     -5.971749e-05  
        84.75     -6.116389e-05  
         84.9     -6.209143e-05  
        85.05     -6.249645e-05  
         85.2     -6.237968e-05  
        85.35     -6.174614e-05  
         85.5     -6.060514e-05  
        85.65      -5.89701e-05  
         85.8     -5.685844e-05  
        85.95      -5.42914e-05  
         86.1     -5.129384e-05  
        86.25       -4.7894e-05  
         86.4     -4.412322e-05  
        86.55      -4.00157e-05  
         86.7     -3.560815e-05  
        86.85     -3.093948e-05  
           87     -2.605047e-05  
        87.15     -2.098343e-05  
         87.3     -1.578178e-05  
        87.45     -1.048974e-05  
         87.6     -5.151942e-06  
        87.75      1.869698e-07  
         87.9      5.482678e-06  
        88.05      1.069157e-05  
         88.2       1.57711e-05  
        88.35      2.068012e-05  
         88.5      2.537923e-05  
        88.65      2.983106e-05  
         88.8       3.40006e-05  
        88.95      3.785546e-05  
         89.1      4.136608e-05  
        89.25      4.450604e-05  
         89.4      4.725216e-05  
        89.55      4.958472e-05  
         89.7      5.148759e-05  
        89.85      5.294835e-05  
           90       5.39583e-05  
        90.15      5.451259e-05  
         90.3      5.461018e-05  
        90.45      5.425381e-05  
         90.6      5.344998e-05  
        90.75      5.220887e-05  
         90.9      5.054417e-05  
        91.05        4.8473e-05  
         91.2      4.601574e-05  
        91.35      4.319577e-05  
         91.5      4.003934e-05  
        91.65      3.657526e-05  
         91.8      3.283468e-05  
        91.95      2.885079e-05  
         92.1      2.465856e-05  
        92.25      2.029441e-05  
         92.4      1.579589e-05  
        92.55      1.120137e-05  
         92.7      6.549746e-06  
        92.85      1.880056e-06  
           93     -2.768804e-06  
        93.15     -7.358419e-06  
         93.3     -1.185116e-05  
        93.45     -1.621051e-05  
         93.6     -2.040131e-05  
        93.75     -2.439012e-05  
         93.9      -2.81454e-05  
        94.05     -3.163782e-05  
         94.2     -3.484044e-05  
        94.35     -3.772894e-05  
         94.5     -4.028181e-05  
        94.65     -4.248047e-05  
         94.8     -4.430945e-05  
        94.95     -4.575645e-05  
         95.1     -4.681245e-05  
        95.25     -4.747172e-05  
         95.4      -4.77319e-05  
        95.55     -4.759393e-05  
         95.7     -4.706207e-05  
        95.85     -4.614382e-05  
           96     -4.484979e-05  
        96.15     -4.319366e-05  
         96.3       -4.1192e-05  
        96.45     -3.886412e-05  
         96.6     -3.623188e-05  
        96.75      -3.33195e-05  
         96.9     -3.015333e-05  
        97.05     -2.676163e-05  
         97.2     -2.317431e-05  
        97.35     -1.942265e-05  
         97.5     -1.553909e-05  
        97.65     -1.155686e-05  
         97.8     -7.509798e-06  
        97.95     -3.431988e-06  
         98.1      6.424908e-07  
        98.25       4.67985e-06  
         98.4      8.646874e-06  
        98.55      1.251119e-05  
         98.7      1.624154e-05  
        98.85      1.980799e-05  
           99      2.318225e-05  
        99.15      2.633779e-05  
         99.3      2.925015e-05  
        99.45      3.189705e-05  
         99.6       3.42586e-05  
        99.75      3.631742e-05  
         99.9      3.805879e-05  
       100.05      3.947074e-05  
        100.2      4.054412e-05  
       100.35      4.127266e-05  
        100.5      4.165301e-05  
       100.65      4.168473e-05  
        100.8      4.137027e-05  
       100.95      4.071494e-05  
        101.1      3.972685e-05  
       101.25      3.841679e-05  
        101.4      3.679813e-05  
       101.55      3.488673e-05  
        101.7      3.270073e-05  
       101.85      3.026041e-05  
          102      2.758801e-05  
       102.15      2.470751e-05  
        102.3      2.164444e-05  
       102.45      1.842565e-05  
        102.6      1.507906e-05  
       102.75      1.163345e-05  
        102.9      8.118175e-06  
       103.05      4.562954e-06  
        103.2      9.976034e-07  
       103.35     -2.548211e-06  
        103.5     -6.045215e-06  
       103.65     -9.464769e-06  
        103.8      -1.27791e-05  
       103.95     -1.596153e-05  
        104.1     -1.898666e-05  
       104.25     -2.183063e-05  
        104.4     -2.447125e-05  
       104.55     -2.688819e-05  
        104.7     -2.906314e-05  
       104.85     -3.097993e-05  
          105     -3.262467e-05  
       105.15     -3.398585e-05  
        105.3     -3.505436e-05  
       105.45     -3.582363e-05  
        105.6     -3.628962e-05  
       105.75     -3.645081e-05  
        105.9     -3.630825e-05  
       106.05     -3.586549e-05  
        106.2     -3.512855e-05  
       106.35     -3.410584e-05  
        106.5     -3.280807e-05  
       106.65     -3.124817e-05  
        106.8     -2.944111e-05  
       106.95     -2.740383e-05  
        107.1     -2.515503e-05  
       107.25     -2.271502e-05  
        107.4     -2.010554e-05  
       107.55     -1.734957e-05  
        107.7     -1.447113e-05  
       107.85     -1.149504e-05  
          108     -8.446785e-06  
       108.15     -5.352212e-06  
        108.3     -2.237364e-06  
       108.45      8.717496e-07  
        108.6      3.949373e-06  
       108.75      6.970211e-06  
        108.9      9.909639e-06  
       109.05       1.27439e-05  
        109.2      1.545029e-05  
       109.35      1.800734e-05  
        109.5      2.039501e-05  
       109.65      2.259481e-05  
        109.8      2.458993e-05  
       109.95      2.636542e-05  
        110.1      2.790827e-05  
       110.25      2.920747e-05  
        110.4      3.025416e-05  
       110.55      3.104161e-05  
        110.7      3.156531e-05  
       110.85      3.182297e-05  
          111      3.181454e-05  
       111.15      3.154216e-05  
        111.3      3.101014e-05  
       111.45      3.022492e-05  
        111.6      2.919501e-05  
       111.75      2.793085e-05  
        111.9      2.644477e-05  
       112.05      2.475082e-05  
        112.2      2.286469e-05  
       112.35      2.080352e-05  
        112.5       1.85858e-05  
       112.65      1.623114e-05  
        112.8      1.376015e-05  
       112.95      1.119425e-05  
        113.1      8.555469e-06  
       113.25      5.866276e-06  
        113.4      3.149381e-06  
       113.55      4.275456e-07  
        113.7     -2.276603e-06  
       113.85     -4.940761e-06  
          114     -7.543134e-06  
       114.15      -1.00626e-05  
        114.3     -1.247891e-05  
       114.45     -1.477281e-05  
        114.6     -1.692622e-05  
       114.75     -1.892237e-05  
        114.9      -2.07459e-05  
       115.05     -2.238305e-05  
        115.2     -2.382168e-05  
       115.35     -2.505139e-05  
        115.5     -2.606362e-05  
       115.65     -2.685166e-05  
        115.8     -2.741071e-05  
       115.95     -2.773793e-05  
        116.1     -2.783241e-05  
       116.25     -2.769518e-05  
        116.4     -2.732919e-05  
       116.55     -2.673926e-05  
        116.7     -2.593203e-05  
       116.85     -2.491589e-05  
          117     -2.370091e-05  
       117.15     -2.229873e-05  
        117.3     -2.072243e-05  
       117.45     -1.898646e-05  
        117.6     -1.710648e-05  
       117.75      -1.50992e-05  
        117.9     -1.298227e-05  
       118.05     -1.077413e-05  
        118.2       -8.4938e-06  
       118.35     -6.160774e-06  
        118.5     -3.794824e-06  
       118.65     -1.415839e-06  
        118.8      9.563346e-07  
       118.95      3.302066e-06  
        119.1      5.602093e-06  
       119.25      7.837687e-06  
        119.4      9.990797e-06  
       119.55       1.20442e-05  
        119.7      1.398163e-05  
       119.85      1.578792e-05  
          120      1.744909e-05  
       120.15       1.89525e-05  
        120.3      2.028691e-05  
       120.45      2.144254e-05  
        120.6      2.241122e-05  
       120.75      2.318635e-05  
        120.9      2.376303e-05  
       121.05        2.4138e-05  
        121.2      2.430973e-05  
       121.35      2.427838e-05  
        121.5       2.40458e-05  
       121.65      2.361549e-05  
        121.8      2.299255e-05  
       121.95      2.218367e-05  
        122.1        2.1197e-05  
       122.25      2.004212e-05  
        122.4      1.872993e-05  
       122.55      1.727255e-05  
        122.7      1.568319e-05  
       122.85      1.397608e-05  
          123      1.216631e-05  
       123.15      1.026969e-05  
        123.3      8.302649e-06  
       123.45      6.282049e-06  
        123.6       4.22508e-06  
       123.75      2.149096e-06  
        123.9      7.147394e-08  
       124.05     -1.990533e-06  
        124.2     -4.019934e-06  
       124.35     -6.000142e-06  
        124.5     -7.915108e-06  
       124.65      -9.74945e-06  
        124.8     -1.148857e-05  
       124.95     -1.311879e-05  
        125.1     -1.462742e-05  
       125.25     -1.600289e-05  
        125.4     -1.723482e-05  
       125.55     -1.831412e-05  
        125.7     -1.923302e-05  
       125.85     -1.998513e-05  
          126     -2.056553e-05  
       126.15     -2.097074e-05  
        126.3     -2.119875e-05  
       126.45     -2.124907e-05  
        126.6     -2.112265e-05  
       126.75     -2.082193e-05  
        126.9     -2.035076e-05  
       127.05     -1.971438e-05  
        127.2     -1.891936e-05  
       127.35     -1.797354e-05  
        127.5     -1.688594e-05  
       127.65     -1.566669e-05  
        127.8     -1.432695e-05  
       127.95     -1.287876e-05  
        128.1     -1.133499e-05  
       128.25     -9.709205e-06  
        128.4     -8.015527e-06  
       128.55     -6.268543e-06  
        128.7     -4.483169e-06  
       128.85     -2.674518e-06  
          129     -8.577835e-07  
       129.15      9.518964e-07  
        129.3      2.739558e-06  
       129.45      4.490539e-06  
        129.6      6.190593e-06  
       129.75      7.826011e-06  
        129.9      9.383724e-06  
       130.05      1.085141e-05  
        130.2       1.22176e-05  
       130.35      1.347173e-05  
        130.5      1.460429e-05  
       130.65      1.560681e-05  
        130.8        1.6472e-05  
       130.95      1.719374e-05  
        131.1      1.776716e-05  
       131.25      1.818867e-05  
        131.4      1.845594e-05  
       131.55      1.856797e-05  
        131.7      1.852504e-05  
       131.85      1.832871e-05  
          132       1.79818e-05  
       132.15      1.748838e-05  
        132.3      1.685368e-05  
       132.45      1.608406e-05  
        132.6      1.518697e-05  
       132.75      1.417085e-05  
        132.9      1.304506e-05  
       133.05      1.181979e-05  
        133.2      1.050599e-05  
       133.35      9.115261e-06  
        133.5      7.659733e-06  
       133.65      6.151995e-06  
        133.8      4.604967e-06  
       133.95      3.031793e-06  
        134.1      1.445732e-06  
       134.25     -1.399527e-07  
        134.4     -1.712105e-06  
       134.55     -3.257784e-06  
        134.7     -4.764369e-06  
       134.85     -6.219662e-06  
          135     -7.611986e-06  
       135.15     -8.930278e-06  
        135.3     -1.016418e-05  
       135.45      -1.13041e-05  
        135.6     -1.234132e-05  
       135.75     -1.326803e-05  
        135.9     -1.407741e-05  
       136.05     -1.476364e-05  
        136.2       -1.5322e-05  
       136.35     -1.574886e-05  
        136.5     -1.604169e-05  
       136.65     -1.619911e-05  
        136.8     -1.622087e-05  
       136.95     -1.610785e-05  
        137.1     -1.586204e-05  
       137.25     -1.548651e-05  
        137.4     -1.498539e-05  
       137.55     -1.436383e-05  
        137.7     -1.362791e-05  
       137.85     -1.278464e-05  
          138     -1.184185e-05  
       138.15     -1.080815e-05  
        138.3     -9.692814e-06  
       138.45     -8.505745e-06  
        138.6     -7.257351e-06  
       138.75      -5.95847e-06  
        138.9     -4.620275e-06  
       139.05     -3.254178e-06  
        139.2     -1.871733e-06  
       139.35     -4.845402e-07  
        139.5      8.958511e-07  
       139.65      2.258039e-06  
        139.8       3.59086e-06  
       139.95      4.883484e-06  
        140.1      6.125497e-06  
       140.25      7.306987e-06  
        140.4      8.418621e-06  
       140.55      9.451719e-06  
        140.7      1.039832e-05  
       140.85      1.125124e-05  
          141      1.200414e-05  
       141.15      1.265155e-05  
        141.3      1.318891e-05  
       141.45      1.361264e-05  
        141.6      1.392009e-05  
       141.75      1.410962e-05  
        141.9      1.418058e-05  
       142.05      1.413331e-05  
        142.2      1.396912e-05  
       142.35      1.369028e-05  
        142.5      1.330001e-05  
       142.65      1.280241e-05  
        142.8      1.220245e-05  
       142.95      1.150591e-05  
        143.1      1.071932e-05  
       143.25      9.849904e-06  
        143.4      8.905533e-06  
       143.55      7.894625e-06  
        143.7      6.826089e-06  
       143.85      5.709242e-06  
          144      4.553729e-06  
       144.15      3.369441e-06  
        144.3       2.16643e-06  
       144.45      9.548259e-07  
        144.6     -2.552493e-07  
       144.75     -1.453766e-06  
        144.9     -2.630868e-06  
       145.05     -3.776953e-06  
        145.2     -4.882754e-06  
       145.35     -5.939407e-06  
        145.5     -6.938528e-06  
       145.65     -7.872273e-06  
        145.8     -8.733404e-06  
       145.95      -9.51534e-06  
        146.1     -1.021221e-05  
       146.25      -1.08189e-05  
        146.4     -1.133107e-05  
       146.55     -1.174521e-05  
        146.7     -1.205865e-05  
       146.85     -1.226958e-05  
          147     -1.237704e-05  
       147.15     -1.238095e-05  
        147.3     -1.228208e-05  
       147.45     -1.208205e-05  
        147.6     -1.178333e-05  
       147.75     -1.138914e-05  
        147.9     -1.090352e-05  
       148.05      -1.03312e-05  
        148.2     -9.677614e-06  
       148.35     -8.948812e-06  
        148.5     -8.151433e-06  
       148.65     -7.292629e-06  
        148.8     -6.380006e-06  
       148.95     -5.421556e-06  
        149.1     -4.425593e-06  
       149.25     -3.400673e-06  
        149.4     -2.355528e-06  
       149.55     -1.298989e-06  
        149.7     -2.399125e-07  
       149.85      8.128922e-07  

