     s       New curve 0    
            0               0.1  
         0.15       -0.01197567  
          0.3      0.0005020755  
         0.45     -0.0003032073  
          0.6     -0.0004702258  
         0.75     -0.0005476078  
          0.9     -0.0006461966  
         1.05     -0.0007348421  
          1.2     -0.0008170267  
         1.35     -0.0008917856  
          1.5     -0.0009585564  
         1.65      -0.001016852  
          1.8      -0.001066255  
         1.95      -0.001106423  
          2.1      -0.001137097  
         2.25      -0.001158094  
          2.4      -0.001169318  
         2.55      -0.001170749  
          2.7      -0.001162454  
         2.85      -0.001144577  
            3      -0.001117341  
         3.15      -0.001081045  
          3.3      -0.001036061  
         3.45     -0.0009828296  
          3.6     -0.0009218575  
         3.75     -0.0008537108  
          3.9     -0.0007790112  
         4.05     -0.0006984295  
          4.2     -0.0006126805  
         4.35      -0.000522516  
          4.5     -0.0004287188  
         4.65     -0.0003320955  
          4.8       -0.00023347  
         4.95     -0.0001336766  
          5.1      -3.35523e-05  
         5.25      6.606928e-05  
          5.4      0.0001643654  
         5.55      0.0002605306  
          5.7      0.0003537834  
         5.85      0.0004433729  
            6       0.000528584  
         6.15      0.0006087437  
          6.3      0.0006832263  
         6.45      0.0007514579  
          6.6      0.0008129211  
         6.75      0.0008671587  
          6.9      0.0009137768  
         7.05       0.000952448  
          7.2      0.0009829135  
         7.35       0.001004984  
          7.5       0.001018543  
         7.65       0.001023544  
          7.8       0.001020011  
         7.95       0.001008041  
          8.1       0.000987799  
         8.25      0.0009595175  
          8.4       0.000923494  
         8.55      0.0008800877  
          8.7      0.0008297165  
         8.85      0.0007728527  
            9      0.0007100189  
         9.15      0.0006417831  
          9.3      0.0005687536  
         9.45       0.000491574  
          9.6      0.0004109171  
         9.75      0.0003274794  
          9.9       0.000241975  
        10.05      0.0001551296  
         10.2      6.767438e-05  
        10.35     -1.966019e-05  
         10.5     -0.0001061502  
        10.65     -0.0001910846  
         10.8     -0.0002737706  
        10.95     -0.0003535396  
         11.1     -0.0004297524  
        11.25     -0.0005018042  
         11.4     -0.0005691295  
        11.55     -0.0006312066  
         11.7     -0.0006875612  
        11.85     -0.0007377703  
           12     -0.0007814652  
        12.15      -0.000818334  
         12.3     -0.0008481241  
        12.45     -0.0008706435  
         12.6      -0.000885762  
        12.75     -0.0008934119  
         12.9      -0.000893588  
        13.05     -0.0008863471  
         13.2     -0.0008718071  
        13.35     -0.0008501458  
         13.5     -0.0008215983  
        13.65     -0.0007864554  
         13.8     -0.0007450601  
        13.95     -0.0006978048  
         14.1     -0.0006451272  
        14.25      -0.000587507  
         14.4     -0.0005254607  
        14.55     -0.0004595378  
         14.7     -0.0003903157  
        14.85     -0.0003183945  
           15     -0.0002443922  
        15.15     -0.0001689391  
         15.3     -9.267264e-05  
        15.45     -1.623214e-05  
         15.6       5.97467e-05  
        15.75       0.000134637  
         15.9      0.0002078257  
        16.05      0.0002787187  
         16.2      0.0003467456  
        16.35      0.0004113643  
         16.5      0.0004720651  
        16.65      0.0005283748  
         16.8      0.0005798604  
        16.95      0.0006261322  
         17.1       0.000666847  
        17.25      0.0007017102  
         17.4      0.0007304781  
        17.55      0.0007529595  
         17.7       0.000769017  
        17.85      0.0007785675  
           18      0.0007815823  
        18.15      0.0007780874  
         18.3      0.0007681628  
        18.45      0.0007519408  
         18.6      0.0007296053  
        18.75      0.0007013893  
         18.9      0.0006675728  
        19.05      0.0006284801  
         19.2      0.0005844769  
        19.35      0.0005359665  
         19.5      0.0004833869  
        19.65      0.0004272059  
         19.8       0.000367918  
        19.95      0.0003060394  
         20.1      0.0002421039  
        20.25       0.000176658  
         20.4      0.0001102566  
        20.55      4.345832e-05  
         20.7     -2.317949e-05  
        20.85     -8.910506e-05  
           21     -0.0001537768  
        21.15     -0.0002166679  
         21.3     -0.0002772703  
        21.45     -0.0003350989  
         21.6     -0.0003896955  
        21.75     -0.0004406322  
         21.9     -0.0004875148  
        22.05     -0.0005299859  
         22.2     -0.0005677275  
        22.35     -0.0006004633  
         22.5     -0.0006279606  
        22.65     -0.0006500322  
         22.8     -0.0006665371  
        22.95     -0.0006773819  
         23.1     -0.0006825207  
        23.25     -0.0006819554  
         23.4     -0.0006757352  
        23.55     -0.0006639558  
         23.7     -0.0006467583  
        23.85     -0.0006243278  
           24     -0.0005968911  
        24.15     -0.0005647151  
         24.3     -0.0005281038  
        24.45     -0.0004873955  
         24.6       -0.00044296  
        24.75     -0.0003951952  
         24.9     -0.0003445235  
        25.05      -0.000291388  
         25.2     -0.0002362489  
        25.35     -0.0001795794  
         25.5     -0.0001218618  
        25.65     -6.358312e-05  
         25.8     -5.231489e-06  
        25.95      5.270832e-05  
         26.1      0.0001097587  
        26.25      0.0001654531  
         26.4        0.00021934  
        26.55      0.0002709863  
         26.7      0.0003199808  
        26.85      0.0003659376  
           27      0.0004084991  
        27.15      0.0004473386  
         27.3      0.0004821627  
        27.45      0.0005127138  
         27.6      0.0005387717  
        27.75      0.0005601553  
         27.9      0.0005767234  
        28.05      0.0005883763  
         28.2      0.0005950555  
        28.35      0.0005967444  
         28.5      0.0005934679  
        28.65       0.000585292  
         28.8      0.0005723227  
        28.95      0.0005547051  
         29.1      0.0005326216  
        29.25      0.0005062904  
         29.4       0.000475963  
        29.55      0.0004419224  
         29.7      0.0004044799  
        29.85      0.0003639729  
           30      0.0003207615  
        30.15      0.0002752253  
         30.3      0.0002277603  
        30.45      0.0001787755  
         30.6      0.0001286892  
        30.75       7.79258e-05  
         30.9      2.691172e-05  
        31.05     -2.392769e-05  
         31.2     -7.417191e-05  
        31.35     -0.0001234086  
         31.5     -0.0001712371  
        31.65     -0.0002172713  
         31.8     -0.0002611434  
        31.95      -0.000302506  
         32.1     -0.0003410356  
        32.25     -0.0003764344  
         32.4     -0.0004084331  
        32.55     -0.0004367928  
         32.7     -0.0004613063  
        32.85     -0.0004818004  
           33     -0.0004981363  
        33.15     -0.0005102109  
         33.3     -0.0005179572  
        33.45     -0.0005213447  
         33.6     -0.0005203793  
        33.75      -0.000515103  
         33.9     -0.0005055931  
        34.05     -0.0004919617  
         34.2      -0.000474354  
        34.35     -0.0004529472  
         34.5     -0.0004279485  
        34.65     -0.0003995934  
         34.8     -0.0003681434  
        34.95     -0.0003338837  
         35.1     -0.0002971205  
        35.25     -0.0002581784  
         35.4     -0.0002173975  
        35.55     -0.0001751307  
         35.7     -0.0001317403  
        35.85     -8.759516e-05  
           36     -4.306747e-05  
        36.15      1.470228e-06  
         36.3      4.564826e-05  
        36.45      8.910282e-05  
         36.6      0.0001314789  
        36.75      0.0001724333  
         36.9      0.0002116372  
        37.05       0.000248779  
         37.2      0.0002835665  
        37.35      0.0003157293  
         37.5       0.000345021  
        37.65      0.0003712211  
         37.8       0.000394136  
        37.95      0.0004136014  
         38.1      0.0004294826  
        38.25      0.0004416758  
         38.4      0.0004501085  
        38.55        0.00045474  
         38.7      0.0004555618  
        38.85      0.0004525965  
           39      0.0004458984  
        39.15      0.0004355522  
         39.3      0.0004216723  
        39.45      0.0004044012  
         39.6       0.000383909  
        39.75      0.0003603906  
         39.9       0.000334065  
        40.05      0.0003051724  
         40.2      0.0002739728  
        40.35      0.0002407429  
         40.5      0.0002057744  
        40.65      0.0001693711  
         40.8      0.0001318462  
        40.95      9.351995e-05  
         41.1      5.471659e-05  
        41.25      1.576189e-05  
         41.4     -2.301971e-05  
        41.55     -6.130771e-05  
         41.7     -9.878824e-05  
        41.85     -0.0001351565  
           42     -0.0001701195  
        42.15     -0.0002033979  
         42.3     -0.0002347288  
        42.45     -0.0002638672  
         42.6     -0.0002905886  
        42.75     -0.0003146901  
         42.9      -0.000335992  
        43.05     -0.0003543394  
         43.2     -0.0003696031  
        43.35     -0.0003816805  
         43.5     -0.0003904963  
        43.65     -0.0003960026  
         43.8     -0.0003981798  
        43.95     -0.0003970355  
         44.1     -0.0003926053  
        44.25     -0.0003849516  
         44.4      -0.000374163  
        44.55     -0.0003603535  
         44.7     -0.0003436612  
        44.85     -0.0003242473  
           45      -0.000302294  
        45.15     -0.0002780033  
         45.3     -0.0002515951  
        45.45      -0.000223305  
         45.6     -0.0001933825  
        45.75     -0.0001620886  
         45.9     -0.0001296937  
        46.05     -9.647521e-05  
         46.2     -6.271531e-05  
        46.35     -2.869833e-05  
         46.5      5.291424e-06  
        46.65      3.897209e-05  
         46.8      7.206657e-05  
        46.95      0.0001043048  
         47.1      0.0001354259  
        47.25      0.0001651804  
         47.4       0.000193332  
        47.55      0.0002196595  
         47.7      0.0002439588  
        47.85      0.0002660439  
           48       0.000285749  
        48.15      0.0003029289  
         48.3      0.0003174609  
        48.45      0.0003292451  
         48.6       0.000338205  
        48.75      0.0003442883  
         48.9      0.0003474671  
        49.05      0.0003477375  
         49.2      0.0003451201  
        49.35       0.000339659  
         49.5      0.0003314218  
        49.65      0.0003204985  
         49.8      0.0003070007  
        49.95      0.0002910606  
         50.1      0.0002728293  
        50.25      0.0002524762  
         50.4      0.0002301866  
        50.55      0.0002061607  
         50.7      0.0001806114  
        50.85      0.0001537625  
           51      0.0001258471  
        51.15      9.710513e-05  
         51.3      6.778153e-05  
        51.45       3.81242e-05  
         51.6      8.381868e-06  
        51.75     -2.119798e-05  
         51.9     -5.037115e-05  
        52.05     -7.889871e-05  
         52.2     -0.0001065489  
        52.35     -0.0001330993  
         52.5     -0.0001583379  
        52.65     -0.0001820656  
         52.8     -0.0002040973  
        52.95     -0.0002242634  
         53.1     -0.0002424111  
        53.25     -0.0002584054  
         53.4     -0.0002721306  
        53.55     -0.0002834904  
         53.7      -0.000292409  
        53.85     -0.0002988313  
           54     -0.0003027237  
        54.15     -0.0003040735  
         54.3     -0.0003028893  
        54.45     -0.0002992008  
         54.6     -0.0002930581  
        54.75     -0.0002845314  
         54.9     -0.0002737099  
        55.05     -0.0002607014  
         55.2     -0.0002456309  
        55.35     -0.0002286396  
         55.5     -0.0002098834  
        55.65     -0.0001895318  
         55.8     -0.0001677661  
        55.95      -0.000144778  
         56.1     -0.0001207678  
        56.25     -9.594266e-05  
         56.4       -7.0515e-05  
        56.55     -4.470054e-05  
         56.7     -1.871652e-05  
        56.85      7.220105e-06  
           57      3.289447e-05  
        57.15      5.809554e-05  
         57.3       8.26179e-05  
        57.45      0.0001062633  
         57.6      0.0001288424  
        57.75      0.0001501761  
         57.9      0.0001700972  
        58.05      0.0001884512  
         58.2      0.0002050981  
        58.35      0.0002199132  
         58.5      0.0002327876  
        58.65      0.0002436298  
         58.8      0.0002523656  
        58.95      0.0002589389  
         59.1      0.0002633121  
        59.25       0.000265466  
         59.4      0.0002654001  
        59.55      0.0002631323  
         59.7      0.0002586985  
        59.85      0.0002521524  
           60      0.0002435649  
        60.15      0.0002330231  
         60.3      0.0002206297  
        60.45      0.0002065021  
         60.6      0.0001907711  
        60.75      0.0001735796  
         60.9      0.0001550817  
        61.05      0.0001354412  
         61.2      0.0001148299  
        61.35      9.342653e-05  
         61.5      7.141478e-05  
        61.65      4.898212e-05  
         61.8      2.631798e-05  
        61.95      3.612251e-06  
         62.1     -1.894631e-05  
        62.25     -4.117165e-05  
         62.4     -6.288193e-05  
        62.55       -8.3901e-05  
         62.7     -0.0001040598  
        62.85     -0.0001231978  
           63     -0.0001411641  
        63.15     -0.0001578188  
         63.3     -0.0001730338  
        63.45     -0.0001866942  
         63.6     -0.0001986987  
        63.75     -0.0002089606  
         63.9     -0.0002174083  
        64.05     -0.0002239859  
         64.2     -0.0002286535  
        64.35     -0.0002313871  
         64.5     -0.0002321791  
        64.65     -0.0002310382  
         64.8     -0.0002279889  
        64.95     -0.0002230714  
         65.1      -0.000216341  
        65.25     -0.0002078678  
         65.4     -0.0001977357  
        65.55     -0.0001860417  
         65.7      -0.000172895  
        65.85      -0.000158416  
           66     -0.0001427354  
        66.15     -0.0001259926  
         66.3     -0.0001083349  
        66.45     -8.991584e-05  
         66.6     -7.089433e-05  
        66.75     -5.143288e-05  
         66.9     -3.169645e-05  
        67.05     -1.185095e-05  
         67.2      7.938074e-06  
        67.35      2.750683e-05  
         67.5      4.669465e-05  
        67.65      6.534527e-05  
         67.8      8.330811e-05  
        67.95      0.0001004395  
         68.1      0.0001166036  
        68.25      0.0001316741  
         68.4      0.0001455342  
        68.55      0.0001580784  
         68.7       0.000169213  
        68.85      0.0001788564  
           69      0.0001869403  
        69.15      0.0001934098  
         69.3      0.0001982238  
        69.45      0.0002013552  
         69.6      0.0002027912  
        69.75      0.0002025331  
         69.9      0.0002005963  
        70.05      0.0001970099  
         70.2      0.0001918165  
        70.35      0.0001850719  
         70.5       0.000176844  
        70.65      0.0001672127  
         70.8      0.0001562689  
        70.95      0.0001441137  
         71.1      0.0001308573  
        71.25      0.0001166185  
         71.4      0.0001015229  
        71.55      8.570258e-05  
         71.7      6.929448e-05  
        71.85      5.243933e-05  
           72      3.528051e-05  
        72.15      1.796277e-05  
         72.3      6.310681e-07  
        72.45     -1.657065e-05  
         72.6     -3.350066e-05  
        72.75     -5.002058e-05  
         72.9      -6.59965e-05  
        73.05     -8.130011e-05  
         73.2     -9.580964e-05  
        73.35     -0.0001094109  
         73.5      -0.000121998  
        73.65     -0.0001334746  
         73.8     -0.0001437539  
        73.95     -0.0001527601  
         74.1     -0.0001604283  
        74.25     -0.0001667053  
         74.4       -0.00017155  
        74.55     -0.0001749332  
         74.7     -0.0001768382  
        74.85     -0.0001772609  
           75     -0.0001762093  
        75.15     -0.0001737036  
         75.3     -0.0001697759  
        75.45     -0.0001644699  
         75.6     -0.0001578405  
        75.75     -0.0001499529  
         75.9     -0.0001408824  
        76.05     -0.0001307135  
         76.2     -0.0001195393  
        76.35     -0.0001074601  
         76.5      -9.45835e-05  
        76.65     -8.102238e-05  
         76.8     -6.689469e-05  
        76.95     -5.232208e-05  
         77.1     -3.742896e-05  
        77.25     -2.234141e-05  
         77.4     -7.186166e-06  
        77.55      7.910478e-06  
         77.7       2.28237e-05  
        77.85      3.743116e-05  
           78      5.161404e-05  
        78.15      6.525793e-05  
         78.3      7.825383e-05  
        78.45      9.049893e-05  
         78.6      0.0001018975  
        78.75      0.0001123615  
         78.9      0.0001218114  
        79.05      0.0001301767  
         79.2      0.0001373965  
        79.35      0.0001434197  
         79.5      0.0001482058  
        79.65      0.0001517246  
         79.8      0.0001539568  
        79.95       0.000154894  
         80.1      0.0001545384  
        80.25      0.0001529031  
         80.4      0.0001500118  
        80.55       0.000145898  
         80.7      0.0001406056  
        80.85      0.0001341877  
           81      0.0001267062  
        81.15      0.0001182316  
         81.3       0.000108842  
        81.45      9.862238e-05  
         81.6      8.766404e-05  
        81.75       7.60637e-05  
         81.9      6.392264e-05  
        82.05      5.134582e-05  
         82.2      3.844101e-05  
        82.35      2.531788e-05  
         82.5      1.208702e-05  
        82.65      -1.14092e-06  
         82.8     -1.425619e-05  
        82.95     -2.715084e-05  
         83.1     -3.971957e-05  
        83.25     -5.186063e-05  
         83.4     -6.347659e-05  
        83.55     -7.447515e-05  
         83.7     -8.476987e-05  
        83.85     -9.428079e-05  
           84     -0.0001029351  
        84.15     -0.0001106677  
         84.3     -0.0001174215  
        84.45     -0.0001231482  
         84.6     -0.0001278083  
        84.75     -0.0001313714  
         84.9     -0.0001338164  
        85.05     -0.0001351319  
         85.2     -0.0001353157  
        85.35     -0.0001343752  
         85.5     -0.0001323268  
        85.65     -0.0001291963  
         85.8      -0.000125018  
        85.95     -0.0001198348  
         86.1     -0.0001136977  
        86.25     -0.0001066648  
         86.4     -9.880167e-05  
        86.55     -9.017994e-05  
         86.7     -8.087709e-05  
        86.85     -7.097565e-05  
           87     -6.056246e-05  
        87.15     -4.972791e-05  
         87.3     -3.856521e-05  
        87.45     -2.716957e-05  
         87.6     -1.563735e-05  
        87.75     -4.065334e-06  
         87.9      7.450139e-06  
        88.05      1.881395e-05  
         88.2      2.993296e-05  
        88.35      4.071683e-05  
         88.5      5.107868e-05  
        88.65      6.093579e-05  
         88.8      7.021032e-05  
        88.95      7.882984e-05  
         89.1      8.672793e-05  
        89.25      9.384467e-05  
         89.4      0.0001001271  
        89.55      0.0001055296  
         89.7      0.0001100142  
        89.85      0.0001135508  
           90      0.0001161176  
        90.15      0.0001177006  
         90.3      0.0001182946  
        90.45      0.0001179022  
         90.6      0.0001165345  
        90.75      0.0001142103  
         90.9      0.0001109565  
        91.05      0.0001068073  
         91.2      0.0001018041  
        91.35      9.599509e-05  
         91.5      8.943477e-05  
        91.65      8.218343e-05  
         91.8      7.430665e-05  
        91.95      6.587468e-05  
         92.1      5.696181e-05  
        92.25      4.764577e-05  
         92.4      3.800702e-05  
        92.55      2.812805e-05  
         92.7      1.809273e-05  
        92.85       7.98556e-06  
           93     -2.109031e-06  
        93.15     -1.210737e-05  
         93.3     -2.192722e-05  
        93.45      -3.14885e-05  
         93.6     -4.071387e-05  
        93.75      -4.95294e-05  
         93.9     -5.786513e-05  
        94.05     -6.565561e-05  
         94.2     -7.284047e-05  
        94.35     -7.936479e-05  
         94.5     -8.517958e-05  
        94.65     -9.024214e-05  
         94.8     -9.451631e-05  
        94.95     -9.797277e-05  
         95.1     -0.0001005892  
        95.25     -0.0001023505  
         95.4     -0.0001032487  
        95.55      -0.000103283  
         95.7     -0.0001024599  
        95.85      -0.000100793  
           96     -9.830267e-05  
        96.15     -9.501596e-05  
         96.3     -9.096638e-05  
        96.45     -8.619349e-05  
         96.6     -8.074255e-05  
        96.75     -7.466408e-05  
         96.9     -6.801342e-05  
        97.05     -6.085022e-05  
         97.2     -5.323792e-05  
        97.35     -4.524322e-05  
         97.5     -3.693542e-05  
        97.65     -2.838592e-05  
         97.8     -1.966756e-05  
        97.95       -1.0854e-05  
         98.1     -2.019126e-06  
        98.25      6.763578e-06  
         98.4      1.542163e-05  
        98.55      2.388416e-05  
         98.7      3.208247e-05  
        98.85      3.995057e-05  
           99      4.742574e-05  
        99.15      5.444903e-05  
         99.3      6.096567e-05  
        99.45      6.692554e-05  
         99.6      7.228352e-05  
        99.75      7.699983e-05  
         99.9      8.104036e-05  
       100.05      8.437683e-05  
        100.2      8.698706e-05  
       100.35      8.885504e-05  
        100.5      8.997107e-05  
       100.65      9.033176e-05  
        100.8      8.993999e-05  
       100.95       8.88049e-05  
        101.1       8.69417e-05  
       101.25      8.437153e-05  
        101.4      8.112125e-05  
       101.55      7.722312e-05  
        101.7      7.271455e-05  
       101.85      6.763772e-05  
          102       6.20392e-05  
       102.15      5.596951e-05  
        102.3       4.94827e-05  
       102.45      4.263585e-05  
        102.6       3.54886e-05  
       102.75       2.81026e-05  
        102.9      2.054101e-05  
       103.05      1.286795e-05  
        103.2      5.147967e-06  
       103.35     -2.554512e-06  
        103.5      -1.01757e-05  
       103.65     -1.765299e-05  
        103.8     -2.492544e-05  
       103.95     -3.193431e-05  
        104.1     -3.862348e-05  
       104.25     -4.493995e-05  
        104.4     -5.083419e-05  
       104.55      -5.62606e-05  
        104.7     -6.117778e-05  
       104.85      -6.55489e-05  
          105     -6.934195e-05  
       105.15     -7.252996e-05  
        105.3      -7.50912e-05  
       105.45      -7.70093e-05  
        105.6     -7.827335e-05  
       105.75     -7.887798e-05  
        105.9     -7.882331e-05  
       106.05     -7.811494e-05  
        106.2     -7.676384e-05  
       106.35     -7.478625e-05  
        106.5     -7.220345e-05  
       106.65     -6.904161e-05  
        106.8     -6.533149e-05  
       106.95     -6.110814e-05  
        107.1     -5.641063e-05  
       107.25     -5.128163e-05  
        107.4     -4.576707e-05  
       107.55     -3.991573e-05  
        107.7     -3.377879e-05  
       107.85     -2.740942e-05  
          108     -2.086227e-05  
       108.15     -1.419306e-05  
        108.3     -7.458111e-06  
       108.45     -7.138077e-07  
        108.6      5.983803e-06  
       108.75       1.25795e-05  
        108.9      1.901935e-05  
       109.05      2.525113e-05  
        109.2      3.122473e-05  
       109.35      3.689261e-05  
        109.5       4.22101e-05  
       109.65      4.713583e-05  
        109.8      5.163196e-05  
       109.95      5.566454e-05  
        110.1      5.920371e-05  
       110.25      6.222396e-05  
        110.4      6.470427e-05  
       110.55      6.662827e-05  
        110.7      6.798433e-05  
       110.85      6.876563e-05  
          111      6.897017e-05  
       111.15      6.860076e-05  
        111.3      6.766493e-05  
       111.45      6.617487e-05  
        111.6      6.414727e-05  
       111.75      6.160316e-05  
        111.9      5.856766e-05  
       112.05      5.506982e-05  
        112.2      5.114225e-05  
       112.35      4.682092e-05  
        112.5      4.214474e-05  
       112.65       3.71553e-05  
        112.8      3.189645e-05  
       112.95      2.641392e-05  
        113.1      2.075497e-05  
       113.25      1.496793e-05  
        113.4      9.101821e-06  
       113.55      3.205944e-06  
        113.7      -2.67054e-06  
       113.85     -8.479017e-06  
          114     -1.417181e-05  
       114.15     -1.970259e-05  
        114.3     -2.502671e-05  
       114.45     -3.010161e-05  
        114.6     -3.488711e-05  
       114.75     -3.934575e-05  
        114.9      -4.34431e-05  
       115.05     -4.714796e-05  
        115.2     -5.043265e-05  
       115.35     -5.327319e-05  
        115.5     -5.564947e-05  
       115.65     -5.754539e-05  
        115.8     -5.894898e-05  
       115.95     -5.985241e-05  
        116.1      -6.02521e-05  
       116.25     -6.014866e-05  
        116.4     -5.954687e-05  
       116.55     -5.845561e-05  
        116.7     -5.688776e-05  
       116.85     -5.486006e-05  
          117      -5.23929e-05  
       117.15      -4.95102e-05  
        117.3     -4.623912e-05  
       117.45     -4.260984e-05  
        117.6     -3.865526e-05  
       117.75     -3.441075e-05  
        117.9     -2.991379e-05  
       118.05     -2.520367e-05  
        118.2     -2.032114e-05  
       118.35     -1.530806e-05  
        118.5     -1.020705e-05  
       118.65     -5.061138e-06  
        118.8      8.663175e-08  
       118.95      5.193522e-06  
        119.1      1.021747e-05  
       119.25      1.511743e-05  
        119.4      1.985371e-05  
       119.55      2.438828e-05  
        119.7      2.868508e-05  
       119.85      3.271031e-05  
          120      3.643269e-05  
       120.15      3.982368e-05  
        120.3      4.285773e-05  
       120.45      4.551245e-05  
        120.6      4.776877e-05  
       120.75      4.961106e-05  
        120.9      5.102728e-05  
       121.05      5.200898e-05  
        121.2      5.255142e-05  
       121.35      5.265353e-05  
        121.5      5.231788e-05  
       121.65      5.155068e-05  
        121.8      5.036166e-05  
       121.95      4.876398e-05  
        122.1      4.677409e-05  
       122.25      4.441157e-05  
        122.4      4.169891e-05  
       122.55      3.866137e-05  
        122.7       3.53267e-05  
       122.85      3.172487e-05  
          123      2.788787e-05  
       123.15      2.384937e-05  
        123.3      1.964446e-05  
       123.45      1.530933e-05  
        123.6      1.088097e-05  
       123.75      6.396868e-06  
        123.9      1.894661e-06  
       124.05     -2.588145e-06  
        124.2       -7.0145e-06  
       124.35     -1.134811e-05  
        124.5     -1.555374e-05  
       124.65     -1.959748e-05  
        124.8     -2.344704e-05  
       124.95     -2.707199e-05  
        125.1     -3.044399e-05  
       125.25     -3.353705e-05  
        125.4     -3.632765e-05  
       125.55     -3.879502e-05  
        125.7     -4.092119e-05  
       125.85     -4.269118e-05  
          126     -4.409308e-05  
       126.15     -4.511813e-05  
        126.3     -4.576076e-05  
       126.45     -4.601862e-05  
        126.6     -4.589258e-05  
       126.75     -4.538667e-05  
        126.9     -4.450806e-05  
       127.05     -4.326695e-05  
        127.2     -4.167646e-05  
       127.35     -3.975252e-05  
        127.5     -3.751369e-05  
       127.65     -3.498102e-05  
        127.8     -3.217781e-05  
       127.95     -2.912944e-05  
        128.1     -2.586311e-05  
       128.25     -2.240764e-05  
        128.4     -1.879316e-05  
       128.55     -1.505093e-05  
        128.7       -1.1213e-05  
       128.85     -7.311948e-06  
          129     -3.380654e-06  
       129.15      5.480243e-07  
        129.3      4.441505e-06  
       129.45      8.267751e-06  
        129.6      1.199554e-05  
       129.75      1.559469e-05  
        129.9      1.903635e-05  
       130.05      2.229318e-05  
        130.2       2.53396e-05  
       130.35      2.815197e-05  
        130.5      3.070877e-05  
       130.65      3.299078e-05  
        130.8      3.498121e-05  
       130.95      3.666582e-05  
        131.1        3.8033e-05  
       131.25      3.907389e-05  
        131.4       3.97824e-05  
       131.55      4.015524e-05  
        131.7      4.019194e-05  
       131.85      3.989481e-05  
          132      3.926892e-05  
       132.15      3.832204e-05  
        132.3      3.706452e-05  
       132.45      3.550922e-05  
        132.6      3.367138e-05  
       132.75      3.156845e-05  
        132.9      2.921995e-05  
       133.05      2.664728e-05  
        133.2      2.387355e-05  
       133.35      2.092334e-05  
        133.5      1.782251e-05  
       133.65      1.459796e-05  
        133.8      1.127743e-05  
       133.95      7.889218e-06  
        134.1      4.461968e-06  
       134.25      1.024428e-06  
        134.4     -2.394796e-06  
       134.55      -5.76747e-06  
        134.7      -9.06597e-06  
       134.85      -1.22635e-05  
          135     -1.533431e-05  
       135.15     -1.825392e-05  
        135.3     -2.099926e-05  
       135.45     -2.354891e-05  
        135.6     -2.588325e-05  
       135.75     -2.798458e-05  
        135.9     -2.983729e-05  
       136.05     -3.142792e-05  
        136.2     -3.274534e-05  
       136.35     -3.378074e-05  
        136.5     -3.452772e-05  
       136.65     -3.498235e-05  
        136.8     -3.514311e-05  
       136.95     -3.501098e-05  
        137.1     -3.458934e-05  
       137.25     -3.388394e-05  
        137.4     -3.290285e-05  
       137.55     -3.165637e-05  
        137.7      -3.01569e-05  
       137.85     -2.841887e-05  
          138     -2.645856e-05  
       138.15     -2.429398e-05  
        138.3     -2.194467e-05  
       138.45     -1.943157e-05  
        138.6     -1.677683e-05  
       138.75     -1.400358e-05  
        138.9     -1.113574e-05  
       139.05     -8.197874e-06  
        139.2     -5.214892e-06  
       139.35     -2.211906e-06  
        139.5      7.860086e-07  
       139.65      3.754011e-06  
        139.8      6.667706e-06  
       139.95      9.503335e-06  
        140.1      1.223798e-05  
       140.25      1.484973e-05  
        140.4      1.731786e-05  
       140.55      1.962303e-05  
        140.7      2.174737e-05  
       140.85      2.367466e-05  
          141      2.539045e-05  
       141.15      2.688214e-05  
        141.3      2.813911e-05  
       141.45      2.915276e-05  
        141.6      2.991657e-05  
       141.75      3.042615e-05  
        141.9      3.067925e-05  
       142.05      3.067579e-05  
        142.2      3.041779e-05  
       142.35      2.990937e-05  
        142.5       2.91567e-05  
       142.65      2.816795e-05  
        142.8      2.695316e-05  
       142.95      2.552416e-05  
        143.1       2.38945e-05  
       143.25      2.207926e-05  
        143.4      2.009495e-05  
       143.55      1.795936e-05  
        143.7       1.56914e-05  
       143.85      1.331091e-05  
          144      1.083852e-05  
       144.15      8.295484e-06  
        144.3      5.703443e-06  
       144.45      3.084293e-06  
        144.6      4.599815e-07  
       144.75     -2.147674e-06  
        144.9     -4.717162e-06  
       145.05     -7.227458e-06  
        145.2     -9.658192e-06  
       145.35     -1.198981e-05  
        145.5     -1.420374e-05  
       145.65     -1.628253e-05  
        145.8     -1.820997e-05  
       145.95     -1.997126e-05  
        146.1     -2.155307e-05  
       146.25     -2.294368e-05  
        146.4     -2.413303e-05  
       146.55     -2.511284e-05  
        146.7      -2.58766e-05  
       146.85     -2.641966e-05  
          147     -2.673923e-05  
       147.15     -2.683441e-05  
        147.3     -2.670616e-05  
       147.45     -2.635728e-05  
        147.6     -2.579239e-05  
       147.75     -2.501787e-05  
        147.9     -2.404177e-05  
       148.05     -2.287378e-05  
        148.2     -2.152507e-05  
       148.35     -2.000826e-05  
        148.5     -1.833723e-05  
       148.65     -1.652707e-05  
        148.8     -1.459388e-05  
       148.95     -1.255466e-05  
        149.1     -1.042717e-05  
       149.25     -8.229735e-06  
        149.4     -5.981152e-06  
       149.55     -3.700475e-06  
        149.7     -1.406883e-06  
       149.85      8.804916e-07  

