     s       New curve 0    
            0      1.884648e-19  
         0.15      0.0001463048  
          0.3     -2.297248e-05  
         0.45      1.007652e-05  
          0.6      8.552213e-06  
         0.75      1.048725e-05  
          0.9      1.217213e-05  
         1.05      1.371643e-05  
          1.2      1.514232e-05  
         1.35      1.643039e-05  
          1.5      1.757215e-05  
         1.65      1.855917e-05  
          1.8      1.938447e-05  
         1.95      2.004247e-05  
          2.1      2.052901e-05  
         2.25      2.084139e-05  
          2.4      2.097838e-05  
         2.55       2.09402e-05  
          2.7      2.072855e-05  
         2.85      2.034653e-05  
            3      1.979864e-05  
         3.15      1.909072e-05  
          3.3      1.822989e-05  
         3.45       1.72245e-05  
          3.6      1.608401e-05  
         3.75      1.481895e-05  
          3.9      1.344077e-05  
         4.05      1.196181e-05  
          4.2      1.039511e-05  
         4.35      8.754377e-06  
          4.5      7.053792e-06  
         4.65      5.307936e-06  
          4.8      3.531652e-06  
         4.95      1.739918e-06  
          5.1     -5.227636e-08  
         5.25     -1.830055e-06  
          5.4     -3.578777e-06  
         5.55     -5.284158e-06  
          5.7     -6.932382e-06  
         5.85     -8.510217e-06  
            6     -1.000512e-05  
         6.15     -1.140533e-05  
          6.3     -1.269997e-05  
         6.45     -1.387911e-05  
          6.6     -1.493388e-05  
         6.75     -1.585648e-05  
          6.9      -1.66403e-05  
         7.05     -1.727992e-05  
          7.2     -1.777114e-05  
         7.35     -1.811105e-05  
          7.5     -1.829801e-05  
         7.65     -1.833167e-05  
          7.8     -1.821293e-05  
         7.95     -1.794398e-05  
          8.1     -1.752821e-05  
         8.25     -1.697023e-05  
          8.4     -1.627577e-05  
         8.55     -1.545166e-05  
          8.7     -1.450575e-05  
         8.85     -1.344684e-05  
            9      -1.22846e-05  
         9.15     -1.102948e-05  
          9.3     -9.692626e-06  
         9.45     -8.285764e-06  
          9.6     -6.821117e-06  
         9.75      -5.31129e-06  
          9.9     -3.769166e-06  
        10.05     -2.207793e-06  
         10.2     -6.402804e-07  
        10.35       9.20317e-07  
         10.5      2.461102e-06  
        10.65      3.969442e-06  
         10.8      5.433074e-06  
        10.95        6.8402e-06  
         11.1      8.179583e-06  
        11.25      9.440637e-06  
         11.4      1.061351e-05  
        11.55      1.168915e-05  
         11.7       1.26594e-05  
        11.85      1.351702e-05  
           12      1.425577e-05  
        12.15      1.487046e-05  
         12.3      1.535695e-05  
        12.45       1.57122e-05  
         12.6      1.593429e-05  
        12.75      1.602241e-05  
         12.9      1.597688e-05  
        13.05      1.579912e-05  
         13.2      1.549163e-05  
        13.35      1.505798e-05  
         13.5      1.450275e-05  
        13.65       1.38315e-05  
         13.8      1.305071e-05  
        13.95       1.21677e-05  
         14.1       1.11906e-05  
        14.25      1.012826e-05  
         14.4      8.990162e-06  
        14.55      7.786333e-06  
         14.7      6.527278e-06  
        14.85      5.223878e-06  
           15      3.887296e-06  
        15.15      2.528882e-06  
         15.3      1.160079e-06  
        15.45     -2.076719e-07  
         15.6     -1.563029e-06  
        15.75     -2.894841e-06  
         15.9     -4.192239e-06  
        16.05     -5.444726e-06  
         16.2     -6.642257e-06  
        16.35     -7.775323e-06  
         16.5     -8.835025e-06  
        16.65      -9.81314e-06  
         16.8     -1.070219e-05  
        16.95     -1.149549e-05  
         17.1      -1.21872e-05  
        17.25     -1.277238e-05  
         17.4     -1.324699e-05  
        17.55     -1.360798e-05  
         17.7     -1.385322e-05  
        17.85     -1.398158e-05  
           18     -1.399291e-05  
        18.15     -1.388803e-05  
         18.3     -1.366872e-05  
        18.45     -1.333768e-05  
         18.6     -1.289854e-05  
        18.75     -1.235579e-05  
         18.9     -1.171474e-05  
        19.05     -1.098146e-05  
         19.2     -1.016278e-05  
        19.35     -9.266151e-06  
         19.5     -8.299617e-06  
        19.65     -7.271748e-06  
         19.8     -6.191552e-06  
        19.95     -5.068401e-06  
         20.1     -3.911952e-06  
        20.25     -2.732061e-06  
         20.4     -1.538702e-06  
        20.55     -3.418844e-07  
         20.7      8.484334e-07  
        20.85      2.022424e-06  
           21      3.170472e-06  
        21.15      4.283253e-06  
         21.3      5.351806e-06  
        21.45      6.367611e-06  
         21.6      7.322648e-06  
        21.75      8.209465e-06  
         21.9      9.021236e-06  
        22.05       9.75181e-06  
         22.2      1.039576e-05  
        22.35      1.094841e-05  
         22.5      1.140589e-05  
        22.65      1.176515e-05  
         22.8      1.202397e-05  
        22.95      1.218099e-05  
         23.1       1.22357e-05  
        23.25      1.218844e-05  
         23.4      1.204041e-05  
        23.55       1.17936e-05  
         23.7      1.145085e-05  
        23.85      1.101575e-05  
           24      1.049263e-05  
        24.15      9.886513e-06  
         24.3      9.203079e-06  
        24.45      8.448604e-06  
         24.6      7.629903e-06  
        24.75      6.754271e-06  
         24.9      5.829419e-06  
        25.05      4.863405e-06  
         25.2      3.864569e-06  
        25.35      2.841453e-06  
         25.5       1.80274e-06  
        25.65      7.571696e-07  
         25.8      -2.86527e-07  
        25.95     -1.319703e-06  
         26.1     -2.333867e-06  
        26.25     -3.320751e-06  
         26.4     -4.272378e-06  
        26.55     -5.181126e-06  
         26.7     -6.039787e-06  
        26.85     -6.841627e-06  
           27     -7.580435e-06  
        27.15     -8.250571e-06  
         27.3      -8.84701e-06  
        27.45     -9.365378e-06  
         27.6     -9.801981e-06  
        27.75     -1.015383e-05  
         27.9     -1.041868e-05  
        28.05       -1.0595e-05  
         28.2     -1.068201e-05  
        28.35     -1.067971e-05  
         28.5     -1.058879e-05  
        28.65     -1.041071e-05  
         28.8     -1.014762e-05  
        28.95     -9.802374e-06  
         29.1     -9.378474e-06  
        29.25     -8.880052e-06  
         29.4     -8.311826e-06  
        29.55     -7.679056e-06  
         29.7     -6.987496e-06  
        29.85     -6.243345e-06  
           30     -5.453188e-06  
        30.15     -4.623941e-06  
         30.3     -3.762791e-06  
        30.45     -2.877133e-06  
         30.6     -1.974508e-06  
        30.75     -1.062539e-06  
         30.9     -1.488672e-07  
        31.05      7.589117e-07  
         31.2       1.65331e-06  
        31.35      2.527011e-06  
         31.5      3.372925e-06  
        31.65      4.184248e-06  
         31.8      4.954518e-06  
        31.95      5.677663e-06  
         32.1      6.348048e-06  
        32.25      6.960524e-06  
         32.4      7.510458e-06  
        32.55      7.993774e-06  
         32.7      8.406982e-06  
        32.85        8.7472e-06  
           33      9.012173e-06  
        33.15      9.200289e-06  
         33.3      9.310588e-06  
        33.45      9.342761e-06  
         33.6       9.29715e-06  
        33.75       9.17474e-06  
         33.9      8.977148e-06  
        34.05      8.706598e-06  
         34.2      8.365906e-06  
        34.35      7.958446e-06  
         34.5       7.48812e-06  
        34.65      6.959322e-06  
         34.8      6.376896e-06  
        34.95      5.746094e-06  
         35.1      5.072529e-06  
        35.25      4.362123e-06  
         35.4      3.621059e-06  
        35.55      2.855727e-06  
         35.7      2.072667e-06  
        35.85      1.278516e-06  
           36        4.7995e-07  
        36.15     -3.163685e-07  
         36.3     -1.103849e-06  
        36.45     -1.876025e-06  
         36.6     -2.626609e-06  
        36.75      -3.34954e-06  
         36.9     -4.039033e-06  
        37.05     -4.689629e-06  
         37.2     -5.296232e-06  
        37.35      -5.85415e-06  
         37.5     -6.359134e-06  
        37.65     -6.807405e-06  
         37.8     -7.195687e-06  
        37.95     -7.521225e-06  
         38.1     -7.781807e-06  
        38.25     -7.975778e-06  
         38.4     -8.102046e-06  
        38.55     -8.160093e-06  
         38.7      -8.14997e-06  
        38.85     -8.072291e-06  
           39     -7.928229e-06  
        39.15     -7.719497e-06  
         39.3     -7.448331e-06  
        39.45      -7.11747e-06  
         39.6     -6.730125e-06  
        39.75      -6.28995e-06  
         39.9     -5.801011e-06  
        40.05     -5.267746e-06  
         40.2     -4.694926e-06  
        40.35     -4.087613e-06  
         40.5     -3.451116e-06  
        40.65     -2.790945e-06  
         40.8     -2.112764e-06  
        40.95      -1.42234e-06  
         41.1     -7.254988e-07  
        41.25     -2.807367e-08  
         41.4      6.641434e-07  
        41.55      1.345449e-06  
         41.7      2.010273e-06  
        41.85      2.653228e-06  
           42      3.269149e-06  
        42.15      3.853135e-06  
         42.3      4.400589e-06  
        42.45      4.907253e-06  
         42.6       5.36924e-06  
        42.75      5.783065e-06  
         42.9       6.14567e-06  
        43.05      6.454446e-06  
         43.2      6.707249e-06  
        43.35      6.902418e-06  
         43.5      7.038783e-06  
        43.65      7.115673e-06  
         43.8      7.132911e-06  
        43.95      7.090822e-06  
         44.1      6.990216e-06  
        44.25      6.832385e-06  
         44.4      6.619086e-06  
        44.55      6.352522e-06  
         44.7      6.035319e-06  
        44.85      5.670506e-06  
           45      5.261482e-06  
        45.15      4.811985e-06  
         45.3      4.326062e-06  
        45.45      3.808029e-06  
         45.6      3.262436e-06  
        45.75      2.694025e-06  
         45.9      2.107692e-06  
        46.05      1.508443e-06  
         46.2      9.013504e-07  
        46.35      2.915142e-07  
         46.5     -3.159835e-07  
        46.65     -9.161195e-07  
         46.8     -1.503971e-06  
        46.95     -2.074755e-06  
         47.1     -2.623869e-06  
        47.25     -3.146923e-06  
         47.4     -3.639782e-06  
        47.55     -4.098591e-06  
         47.7     -4.519806e-06  
        47.85     -4.900228e-06  
           48     -5.237016e-06  
        48.15     -5.527716e-06  
         48.3     -5.770276e-06  
        48.45     -5.963057e-06  
         48.6     -6.104849e-06  
        48.75     -6.194873e-06  
         48.9     -6.232785e-06  
        49.05     -6.218677e-06  
         49.2     -6.153072e-06  
        49.35     -6.036917e-06  
         49.5      -5.87157e-06  
        49.65     -5.658786e-06  
         49.8     -5.400702e-06  
        49.95     -5.099813e-06  
         50.1     -4.758949e-06  
        50.25     -4.381252e-06  
         50.4     -3.970142e-06  
        50.55     -3.529293e-06  
         50.7     -3.062595e-06  
        50.85     -2.574123e-06  
           51     -2.068099e-06  
        51.15     -1.548861e-06  
         51.3      -1.02082e-06  
        51.45      -4.88427e-07  
         51.6      4.386554e-08  
        51.75      5.716413e-07  
         51.9      1.090556e-06  
        52.05      1.596372e-06  
         52.2      2.084994e-06  
        52.35      2.552501e-06  
         52.5      2.995178e-06  
        52.65      3.409546e-06  
         52.8      3.792387e-06  
        52.95      4.140768e-06  
         53.1      4.452069e-06  
        53.25      4.723995e-06  
         53.4      4.954597e-06  
        53.55      5.142283e-06  
         53.7       5.28583e-06  
        53.85      5.384392e-06  
           54      5.437502e-06  
        54.15      5.445073e-06  
         54.3      5.407399e-06  
        54.45      5.325144e-06  
         54.6      5.199339e-06  
        54.75      5.031368e-06  
         54.9      4.822953e-06  
        55.05      4.576141e-06  
         55.2      4.293278e-06  
        55.35      3.976993e-06  
         55.5      3.630172e-06  
        55.65      3.255931e-06  
         55.8       2.85759e-06  
        55.95      2.438642e-06  
         56.1      2.002725e-06  
        56.25      1.553589e-06  
         56.4      1.095065e-06  
        56.55      6.310295e-07  
         56.7       1.65378e-07  
        56.85     -2.980131e-07  
           57     -7.553159e-07  
        57.15     -1.202783e-06  
         57.3     -1.636777e-06  
        57.45     -2.053803e-06  
         57.6     -2.450531e-06  
        57.75     -2.823828e-06  
         57.9     -3.170779e-06  
        58.05     -3.488709e-06  
         58.2     -3.775207e-06  
        58.35     -4.028141e-06  
         58.5     -4.245674e-06  
        58.65     -4.426276e-06  
         58.8     -4.568736e-06  
        58.95     -4.672171e-06  
         59.1     -4.736026e-06  
        59.25      -4.76008e-06  
         59.4     -4.744444e-06  
        59.55     -4.689557e-06  
         59.7     -4.596181e-06  
        59.85     -4.465392e-06  
           60     -4.298566e-06  
        60.15     -4.097369e-06  
         60.3     -3.863739e-06  
        60.45     -3.599867e-06  
         60.6     -3.308181e-06  
        60.75     -2.991316e-06  
         60.9     -2.652099e-06  
        61.05      -2.29352e-06  
         61.2     -1.918705e-06  
        61.35     -1.530892e-06  
         61.5       -1.1334e-06  
        61.65     -7.296027e-07  
         61.8     -3.229013e-07  
        61.95      8.330674e-08  
         62.1      4.856544e-07  
        62.25      8.808328e-07  
         62.4      1.265618e-06  
        62.55      1.636899e-06  
         62.7      1.991699e-06  
        62.85      2.327203e-06  
           63      2.640776e-06  
        63.15      2.929988e-06  
         63.3      3.192629e-06  
        63.45      3.426726e-06  
         63.6      3.630559e-06  
        63.75      3.802673e-06  
         63.9      3.941888e-06  
        64.05      4.047304e-06  
         64.2       4.11831e-06  
        64.35      4.154585e-06  
         64.5        4.1561e-06  
        64.65      4.123113e-06  
         64.8      4.056167e-06  
        64.95      3.956082e-06  
         65.1      3.823948e-06  
        65.25      3.661111e-06  
         65.4      3.469162e-06  
        65.55      3.249921e-06  
         65.7      3.005421e-06  
        65.85      2.737887e-06  
           66      2.449719e-06  
        66.15       2.14347e-06  
         66.3      1.821822e-06  
        66.45      1.487565e-06  
         66.6      1.143571e-06  
        66.75      7.927701e-07  
         66.9      4.381273e-07  
        67.05      8.261546e-08  
         67.2     -2.708084e-07  
        67.35     -6.192277e-07  
         67.5       -9.5979e-07  
        67.65      -1.28973e-06  
         67.8     -1.606394e-06  
        67.95     -1.907255e-06  
         68.1     -2.189942e-06  
        68.25      -2.45225e-06  
         68.4     -2.692161e-06  
        68.55     -2.907859e-06  
         68.7     -3.097743e-06  
        68.85     -3.260438e-06  
           69     -3.394806e-06  
        69.15     -3.499954e-06  
         69.3     -3.575236e-06  
        69.45     -3.620262e-06  
         69.6     -3.634892e-06  
        69.75     -3.619244e-06  
         69.9     -3.573683e-06  
        70.05      -3.49882e-06  
         70.2     -3.395506e-06  
        70.35      -3.26482e-06  
         70.5     -3.108059e-06  
        70.65     -2.926729e-06  
         70.8     -2.722525e-06  
        70.95     -2.497322e-06  
         71.1      -2.25315e-06  
        71.25     -1.992186e-06  
         71.4     -1.716724e-06  
        71.55     -1.429166e-06  
         71.7      -1.13199e-06  
        71.85      -8.27739e-07  
           72     -5.189924e-07  
        72.15     -2.083476e-07  
         72.3      1.016027e-07  
        72.45      4.082917e-07  
         72.6      7.091998e-07  
        72.75      1.001875e-06  
         72.9      1.283952e-06  
        73.05      1.553174e-06  
         73.2      1.807406e-06  
        73.35      2.044656e-06  
         73.5      2.263086e-06  
        73.65      2.461032e-06  
         73.8      2.637011e-06  
        73.95      2.789732e-06  
         74.1      2.918111e-06  
        74.25      3.021272e-06  
         74.4      3.098556e-06  
        74.55      3.149523e-06  
         74.7      3.173955e-06  
        74.85      3.171857e-06  
           75      3.143453e-06  
        75.15      3.089184e-06  
         75.3      3.009703e-06  
        75.45      2.905865e-06  
         75.6      2.778722e-06  
        75.75      2.629511e-06  
         75.9      2.459643e-06  
        76.05      2.270689e-06  
         76.2      2.064365e-06  
        76.35      1.842519e-06  
         76.5      1.607113e-06  
        76.65      1.360207e-06  
         76.8      1.103939e-06  
        76.95      8.405093e-07  
         77.1      5.721597e-07  
        77.25      3.011555e-07  
         77.4      2.976629e-08  
        77.55     -2.397526e-07  
         77.7     -5.051792e-07  
        77.85     -7.643428e-07  
           78     -1.015141e-06  
        78.15     -1.255559e-06  
         78.3     -1.483681e-06  
        78.45     -1.697712e-06  
         78.6     -1.895983e-06  
        78.75     -2.076974e-06  
         78.9     -2.239316e-06  
        79.05     -2.381809e-06  
         79.2     -2.503424e-06  
        79.35     -2.603315e-06  
         79.5     -2.680823e-06  
        79.65     -2.735478e-06  
         79.8     -2.767007e-06  
        79.95     -2.775327e-06  
         80.1      -2.76055e-06  
        80.25      -2.72298e-06  
         80.4     -2.663106e-06  
        80.55     -2.581598e-06  
         80.7     -2.479303e-06  
        80.85     -2.357231e-06  
           81     -2.216549e-06  
        81.15      -2.05857e-06  
         81.3     -1.884741e-06  
        81.45     -1.696626e-06  
         81.6       -1.4959e-06  
        81.75     -1.284325e-06  
         81.9     -1.063743e-06  
        82.05     -8.360545e-07  
         82.2     -6.032039e-07  
        82.35      -3.67164e-07  
         82.5     -1.299186e-07  
        82.65       1.06554e-07  
         82.8      3.402975e-07  
        82.95      5.693933e-07  
         83.1      7.919767e-07  
        83.25      1.006251e-06  
         83.4      1.210503e-06  
        83.55      1.403117e-06  
         83.7      1.582583e-06  
        83.85      1.747516e-06  
           84       1.89666e-06  
        84.15      2.028901e-06  
         84.3      2.143273e-06  
        84.45      2.238966e-06  
         84.6      2.315332e-06  
        84.75      2.371889e-06  
         84.9       2.40832e-06  
        85.05      2.424481e-06  
         85.2      2.420397e-06  
        85.35      2.396258e-06  
         85.5      2.352421e-06  
        85.65      2.289405e-06  
         85.8      2.207881e-06  
        85.95      2.108671e-06  
         86.1      1.992735e-06  
        86.25      1.861167e-06  
         86.4       1.71518e-06  
        86.55      1.556098e-06  
         86.7      1.385344e-06  
        86.85      1.204426e-06  
           87      1.014923e-06  
        87.15      8.184771e-07  
         87.3       6.16771e-07  
        87.45      4.115202e-07  
         87.6      2.044556e-07  
        87.75     -2.690209e-09  
         87.9     -2.081977e-07  
        88.05     -4.103741e-07  
         88.2     -6.075676e-07  
        88.35     -7.981807e-07  
         88.5     -9.806829e-07  
        88.65     -1.153623e-06  
         88.8      -1.31564e-06  
        88.95     -1.465475e-06  
         89.1      -1.60198e-06  
        89.25     -1.724125e-06  
         89.4      -1.83101e-06  
        89.55     -1.921865e-06  
         89.7     -1.996063e-06  
        89.85     -2.053118e-06  
           90     -2.092689e-06  
        90.15     -2.114584e-06  
         90.3     -2.118761e-06  
        90.45     -2.105322e-06  
         90.6     -2.074517e-06  
        90.75     -2.026736e-06  
         90.9     -1.962509e-06  
        91.05     -1.882496e-06  
         91.2     -1.787486e-06  
        91.35     -1.678383e-06  
         91.5     -1.556203e-06  
        91.65     -1.422061e-06  
         91.8     -1.277165e-06  
        91.95       -1.1228e-06  
         92.1     -9.603224e-07  
        92.25     -7.911426e-07  
         92.4     -6.167173e-07  
        92.55     -4.385347e-07  
         92.7     -2.581031e-07  
        92.85     -7.693715e-08  
           93      1.034539e-07  
        93.15       2.81579e-07  
         93.3      4.559778e-07  
        93.45      6.252319e-07  
         93.6       7.87977e-07  
        93.75      9.429132e-07  
         93.9      1.088816e-06  
        94.05      1.224544e-06  
         94.2      1.349052e-06  
        94.35      1.461393e-06  
         94.5      1.560729e-06  
        94.65      1.646339e-06  
         94.8      1.717619e-06  
        94.95      1.774088e-06  
         95.1      1.815394e-06  
        95.25      1.841313e-06  
         95.4      1.851749e-06  
        95.55      1.846736e-06  
         95.7      1.826437e-06  
        95.85      1.791139e-06  
           96      1.741253e-06  
        96.15      1.677306e-06  
         96.3      1.599938e-06  
        96.45      1.509896e-06  
         96.6      1.408027e-06  
        96.75      1.295268e-06  
         96.9      1.172639e-06  
        97.05      1.041236e-06  
         97.2       9.02217e-07  
        97.35      7.567954e-07  
         97.5      6.062278e-07  
        97.65      4.518041e-07  
         97.8      2.948357e-07  
        97.95      1.366452e-07  
         98.1     -2.144511e-08  
        98.25     -1.781241e-07  
         98.4     -3.321026e-07  
        98.55     -4.821238e-07  
         98.7     -6.269736e-07  
        98.85     -7.654902e-07  
           99     -8.965737e-07  
        99.15     -1.019194e-06  
         99.3       -1.1324e-06  
        99.45     -1.235325e-06  
         99.6     -1.327196e-06  
        99.75     -1.407336e-06  
         99.9     -1.475171e-06  
       100.05     -1.530236e-06  
        100.2     -1.572172e-06  
       100.35     -1.600733e-06  
        100.5     -1.615788e-06  
       100.65     -1.617317e-06  
        100.8     -1.605412e-06  
       100.95     -1.580277e-06  
        101.1     -1.542224e-06  
       101.25      -1.49167e-06  
        101.4     -1.429131e-06  
       101.55      -1.35522e-06  
        101.7     -1.270639e-06  
       101.85     -1.176173e-06  
          102     -1.072684e-06  
       102.15        -9.611e-07  
        102.3     -8.424108e-07  
       102.45     -7.176567e-07  
        102.6     -5.879202e-07  
       102.75      -4.54317e-07  
        102.9     -3.179858e-07  
       103.05     -1.800794e-07  
        103.2      -4.17544e-08  
       103.35      9.583792e-08  
        103.5      2.315615e-07  
       103.65      3.643045e-07  
        103.8      4.929887e-07  
       103.95      6.165777e-07  
        104.1      7.340858e-07  
       104.25      8.445852e-07  
        104.4      9.472136e-07  
       104.55      1.041181e-06  
        104.7      1.125774e-06  
       104.85      1.200365e-06  
          105      1.264413e-06  
       105.15      1.317468e-06  
        105.3      1.359176e-06  
       105.45      1.389279e-06  
        105.6      1.407619e-06  
       105.75      1.414133e-06  
        105.9      1.408862e-06  
       106.05       1.39194e-06  
        106.2      1.363598e-06  
       106.35      1.324162e-06  
        106.5      1.274044e-06  
       106.65      1.213745e-06  
        106.8      1.143844e-06  
       106.95      1.064995e-06  
        107.1      9.779237e-07  
       107.25      8.834161e-07  
        107.4      7.823147e-07  
       107.55      6.755098e-07  
        107.7      5.639324e-07  
       107.85      4.485455e-07  
          108      3.303365e-07  
       108.15      2.103083e-07  
        108.3       8.94713e-08  
       108.45     -3.116549e-08  
        108.6     -1.506025e-07  
       108.75     -2.678579e-07  
        108.9     -3.819756e-07  
       109.05     -4.920332e-07  
        109.2     -5.971489e-07  
       109.35     -6.964889e-07  
        109.5     -7.892741e-07  
       109.65     -8.747854e-07  
        109.8       -9.5237e-07  
       109.95     -1.021446e-06  
        110.1     -1.081506e-06  
       110.25     -1.132123e-06  
        110.4      -1.17295e-06  
       110.55     -1.203724e-06  
        110.7     -1.224269e-06  
       110.85     -1.234493e-06  
          111     -1.234394e-06  
       111.15     -1.224051e-06  
        111.3     -1.203631e-06  
       111.45     -1.173382e-06  
        111.6     -1.133631e-06  
       111.75     -1.084782e-06  
        111.9     -1.027313e-06  
       112.05     -9.617662e-07  
        112.2     -8.887496e-07  
       112.35     -8.089272e-07  
        112.5     -7.230146e-07  
       112.65     -6.317721e-07  
        112.8     -5.359986e-07  
       112.95     -4.365242e-07  
        113.1     -3.342033e-07  
       113.25     -2.299072e-07  
        113.4     -1.245168e-07  
       113.55     -1.891537e-08  
        113.7       8.60192e-08  
       113.85      1.894213e-07  
          114      2.904447e-07  
       114.15      3.882696e-07  
        114.3      4.821093e-07  
       114.45       5.71216e-07  
        114.6      6.548871e-07  
       114.75      7.324708e-07  
        114.9      8.033707e-07  
       115.05      8.670505e-07  
        115.2      9.230381e-07  
       115.35      9.709289e-07  
        115.5      1.010389e-06  
       115.65      1.041156e-06  
        115.8      1.063043e-06  
       115.95      1.075937e-06  
        116.1      1.079801e-06  
       116.25      1.074675e-06  
        116.4       1.06067e-06  
       116.55      1.037973e-06  
        116.7      1.006838e-06  
       116.85      9.675913e-07  
          117      9.206209e-07  
       117.15      8.663769e-07  
        117.3      8.053663e-07  
       117.45      7.381483e-07  
        117.6       6.65329e-07  
       117.75      5.875564e-07  
        117.9      5.055147e-07  
       118.05      4.199179e-07  
        118.2      3.315041e-07  
       118.35      2.410291e-07  
        118.5      1.492596e-07  
       118.65      5.696752e-08  
        118.8     -3.507733e-08  
       118.95      -1.26113e-07  
        119.1     -2.153919e-07  
       119.25     -3.021867e-07  
        119.4     -3.857967e-07  
       119.55     -4.655528e-07  
        119.7     -5.408232e-07  
       119.85     -6.110182e-07  
          120      -6.75595e-07  
       120.15     -7.340614e-07  
        120.3     -7.859799e-07  
       120.45     -8.309708e-07  
        120.6     -8.687147e-07  
       120.75      -8.98955e-07  
        120.9     -9.214992e-07  
       121.05     -9.362203e-07  
        121.2     -9.430571e-07  
       121.35     -9.420145e-07  
        121.5     -9.331625e-07  
       121.65     -9.166356e-07  
        121.8     -8.926307e-07  
       121.95     -8.614055e-07  
        122.1     -8.232753e-07  
       122.25     -7.786105e-07  
        122.4     -7.278328e-07  
       122.55     -6.714111e-07  
        122.7     -6.098577e-07  
       122.85     -5.437236e-07  
          123     -4.735932e-07  
       123.15     -4.000798e-07  
        123.3     -3.238198e-07  
       123.45     -2.454674e-07  
        123.6     -1.656892e-07  
       123.75     -8.515846e-08  
        123.9     -4.549261e-09  
       124.05      7.546881e-08  
        124.2      1.542363e-07  
       124.35      2.311093e-07  
        124.5      3.054647e-07  
       124.65      3.767051e-07  
        124.8      4.442635e-07  
       124.95       5.07608e-07  
        125.1      5.662459e-07  
       125.25      6.197272e-07  
        125.4      6.676484e-07  
       125.55       7.09655e-07  
        125.7      7.454448e-07  
       125.85      7.747691e-07  
          126      7.974351e-07  
       126.15      8.133066e-07  
        126.3      8.223049e-07  
       126.45       8.24409e-07  
        126.6      8.196551e-07  
       126.75      8.081363e-07  
        126.9      7.900008e-07  
       127.05      7.654509e-07  
        127.2      7.347403e-07  
       127.35      6.981719e-07  
        127.5      6.560948e-07  
       127.65      6.089013e-07  
        127.8       5.57023e-07  
       127.95      5.009268e-07  
        128.1      4.411112e-07  
       128.25      3.781016e-07  
        128.4      3.124459e-07  
       128.55      2.447095e-07  
        128.7      1.754707e-07  
       128.85       1.05316e-07  
          129      3.483461e-08  
       129.15       -3.5386e-08  
        129.3     -1.047651e-07  
       129.45     -1.727335e-07  
        129.6     -2.387382e-07  
       129.75     -3.022468e-07  
        129.9     -3.627516e-07  
       130.05     -4.197741e-07  
        130.2     -4.728681e-07  
       130.35     -5.216237e-07  
        130.5     -5.656701e-07  
       130.65     -6.046786e-07  
        130.8     -6.383647e-07  
       130.95     -6.664904e-07  
        131.1     -6.888657e-07  
       131.25     -7.053498e-07  
        131.4     -7.158518e-07  
       131.55     -7.203312e-07  
        131.7     -7.187979e-07  
       131.85     -7.113115e-07  
          132     -6.979805e-07  
       132.15     -6.789612e-07  
        132.3     -6.544558e-07  
       132.45     -6.247105e-07  
        132.6      -5.90013e-07  
       132.75     -5.506898e-07  
        132.9     -5.071034e-07  
       133.05     -4.596487e-07  
        133.2     -4.087498e-07  
       133.35      -3.54856e-07  
        133.5     -2.984377e-07  
       133.65     -2.399829e-07  
        133.8     -1.799927e-07  
       133.95     -1.189767e-07  
        134.1     -5.744948e-08  
       134.25      4.074523e-09  
        134.4      6.508473e-08  
       134.55      1.250788e-07  
        134.7      1.835669e-07  
       134.85      2.400753e-07  
          135      2.941506e-07  
       135.15      3.453629e-07  
        135.3      3.933096e-07  
       135.45      4.376183e-07  
        135.6      4.779496e-07  
       135.75          5.14e-07  
        135.9      5.455036e-07  
       136.05      5.722344e-07  
        136.2      5.940079e-07  
       136.35      6.106821e-07  
        136.5      6.221583e-07  
       136.65      6.283819e-07  
        136.8      6.293422e-07  
       136.95      6.250723e-07  
        137.1      6.156484e-07  
       137.25       6.01189e-07  
        137.4      5.818533e-07  
       137.55      5.578398e-07  
        137.7      5.293844e-07  
       137.85      4.967577e-07  
          138      4.602632e-07  
       138.15      4.202338e-07  
        138.3      3.770293e-07  
       138.45       3.31033e-07  
        138.6      2.826484e-07  
       138.75      2.322957e-07  
        138.9      1.804081e-07  
       139.05      1.274281e-07  
        139.2      7.380401e-08  
       139.35      1.998577e-08  
        139.5     -3.357846e-08  
       139.65     -8.644614e-08  
        139.8      -1.38184e-07  
       139.95     -1.883714e-07  
        140.1     -2.366041e-07  
       140.25      -2.82497e-07  
        140.4     -3.256875e-07  
       140.55     -3.658383e-07  
        140.7     -4.026398e-07  
       140.85     -4.358129e-07  
          141     -4.651104e-07  
       141.15     -4.903196e-07  
        141.3     -5.112632e-07  
       141.45     -5.278005e-07  
        141.6     -5.398287e-07  
       141.75     -5.472833e-07  
        141.9     -5.501379e-07  
       142.05     -5.484049e-07  
        142.2     -5.421344e-07  
       142.35     -5.314137e-07  
        142.5     -5.163667e-07  
       142.65     -4.971519e-07  
        142.8     -4.739613e-07  
       142.95     -4.470184e-07  
        143.1      -4.16576e-07  
       143.25      -3.82914e-07  
        143.4      -3.46337e-07  
       143.55     -3.071713e-07  
        143.7     -2.657619e-07  
       143.85     -2.224702e-07  
          144       -1.7767e-07  
       144.15     -1.317448e-07  
        144.3      -8.50847e-08  
       144.45     -3.808249e-08  
        144.6      8.869066e-09  
       144.75      5.538072e-08  
        144.9      1.010699e-07  
       145.05      1.455639e-07  
        145.2      1.885028e-07  
       145.35      2.295424e-07  
        145.5      2.683569e-07  
       145.65      3.046416e-07  
        145.8       3.38115e-07  
       145.95      3.685215e-07  
        146.1      3.956324e-07  
       146.25      4.192486e-07  
        146.4      4.392014e-07  
       146.55      4.553537e-07  
        146.7      4.676011e-07  
       146.85      4.758726e-07  
          147      4.801304e-07  
       147.15      4.803705e-07  
        147.3      4.766223e-07  
       147.45       4.68948e-07  
        147.6      4.574419e-07  
       147.75      4.422294e-07  
        147.9      4.234657e-07  
       148.05      4.013342e-07  
        148.2      3.760448e-07  
       148.35       3.47832e-07  
        148.5      3.169527e-07  
       148.65      2.836841e-07  
        148.8      2.483209e-07  
       148.95      2.111727e-07  
        149.1       1.72562e-07  
       149.25      1.328204e-07  
        149.4      9.228664e-08  
       149.55      5.130325e-08  
        149.7      1.021385e-08  
       149.85     -3.063975e-08  

