     s       New curve 0    
            0      7.765026e-19  
         0.15       0.002588405  
          0.3       0.001943437  
         0.45       0.001979353  
          0.6       0.001913803  
         0.75       0.001838533  
          0.9       0.001748823  
         1.05       0.001645167  
          1.2       0.001528689  
         1.35       0.001400431  
          1.5       0.001261553  
         1.65       0.001113288  
          1.8      0.0009569417  
         1.95      0.0007938736  
          2.1      0.0006254895  
         2.25      0.0004532284  
          2.4        0.00027855  
         2.55      0.0001029228  
          2.7     -7.218833e-05  
         2.85     -0.0002453343  
            3     -0.0004150934  
         3.15     -0.0005800835  
          3.3     -0.0007389724  
         3.45     -0.0008904893  
          3.6      -0.001033434  
         3.75      -0.001166688  
          3.9       -0.00128922  
         4.05      -0.001400097  
          4.2       -0.00149849  
         4.35       -0.00158368  
          4.5      -0.001655063  
         4.65      -0.001712154  
          4.8      -0.001754592  
         4.95      -0.001782137  
          5.1      -0.001794678  
         5.25      -0.001792228  
          5.4      -0.001774924  
         5.55      -0.001743025  
          5.7       -0.00169691  
         5.85      -0.001637073  
            6      -0.001564117  
         6.15      -0.001478751  
          6.3      -0.001381778  
         6.45      -0.001274095  
          6.6      -0.001156679  
         6.75       -0.00103058  
          6.9     -0.0008969128  
         7.05     -0.0007568448  
          7.2     -0.0006115888  
         7.35     -0.0004623906  
          7.5     -0.0003105191  
         7.65     -0.0001572556  
          7.8     -3.882847e-06  
         7.95      0.0001483256  
          8.1      0.0002981157  
         8.25      0.0004442632  
          8.4      0.0005855838  
         8.55      0.0007209422  
          8.7      0.0008492617  
         8.85      0.0009695324  
            9       0.001080819  
         9.15       0.001182268  
          9.3       0.001273114  
         9.45       0.001352686  
          9.6       0.001420412  
         9.75       0.001475823  
          9.9       0.001518553  
        10.05       0.001548348  
         10.2       0.001565061  
        10.35       0.001568656  
         10.5       0.001559206  
        10.65       0.001536889  
         10.8       0.001501993  
        10.95       0.001454904  
         11.1       0.001396109  
        11.25       0.001326186  
         11.4       0.001245804  
        11.55        0.00115571  
         11.7       0.001056728  
        11.85      0.0009497488  
           12      0.0008357226  
        12.15      0.0007156507  
         12.3      0.0005905765  
        12.45      0.0004615771  
         12.6      0.0003297536  
        12.75       0.000196222  
         12.9       6.21038e-05  
        13.05     -7.148344e-05  
         13.2     -0.0002034353  
        13.35     -0.0003326694  
         13.5     -0.0004581346  
        13.65      -0.000578819  
         13.8     -0.0006937585  
        13.95      -0.000802044  
         14.1     -0.0009028288  
        14.25      -0.000995335  
         14.4       -0.00107886  
        14.55      -0.001152779  
         14.7      -0.001216556  
        14.85      -0.001269739  
           15       -0.00131197  
        15.15      -0.001342984  
         15.3      -0.001362611  
        15.45      -0.001370777  
         15.6      -0.001367504  
        15.75      -0.001352908  
         15.9      -0.001327198  
        16.05      -0.001290675  
         16.2      -0.001243726  
        16.35      -0.001186822  
         16.5      -0.001120512  
        16.65      -0.001045422  
         16.8     -0.0009622412  
        16.95     -0.0008717243  
         17.1     -0.0007746795  
        17.25     -0.0006719629  
         17.4     -0.0005644713  
        17.55     -0.0004531339  
         17.7     -0.0003389047  
        17.85     -0.0002227542  
           18     -0.0001056613  
        18.15       1.13949e-05  
         18.3      0.0001274433  
        18.45      0.0002415288  
         18.6      0.0003527198  
        18.75      0.0004601163  
         18.9      0.0005628565  
        19.05      0.0006601242  
         19.2       0.000751155  
        19.35      0.0008352419  
         19.5      0.0009117414  
        19.65      0.0009800778  
         19.8       0.001039748  
        19.95       0.001090324  
         20.1       0.001131457  
        20.25       0.001162879  
         20.4       0.001184406  
        20.55       0.001195936  
         20.7       0.001197452  
        20.85       0.001189018  
           21       0.001170783  
        21.15       0.001142974  
         21.3       0.001105897  
        21.45       0.001059932  
         21.6       0.001005529  
        21.75      0.0009432063  
         21.9      0.0008735423  
        22.05      0.0007971725  
         22.2       0.000714783  
        22.35      0.0006271046  
         22.5       0.000534906  
        22.65      0.0004389878  
         22.8      0.0003401748  
        22.95      0.0002393097  
         23.1      0.0001372456  
        23.25      3.483877e-05  
         23.4     -6.705822e-05  
        23.55     -0.0001676038  
         23.7      -0.000265974  
        23.85     -0.0003613695  
           24      -0.000453022  
        24.15     -0.0005401998  
         24.3     -0.0006222147  
        24.45     -0.0006984261  
         24.6     -0.0007682469  
        24.75     -0.0008311476  
         24.9     -0.0008866601  
        25.05     -0.0009343814  
         25.2     -0.0009739763  
        25.35       -0.00100518  
         25.5      -0.001027798  
        25.65       -0.00104171  
         25.8      -0.001046869  
        25.95        -0.0010433  
         26.1      -0.001031101  
        26.25       -0.00101044  
         26.4     -0.0009815554  
        26.55     -0.0009447503  
         26.7     -0.0009003922  
        26.85      -0.000848908  
           27     -0.0007907807  
        27.15     -0.0007265445  
         27.3       -0.00065678  
        27.45     -0.0005821094  
         27.6     -0.0005031906  
        27.75     -0.0004207116  
         27.9     -0.0003353848  
        28.05     -0.0002479404  
         28.2     -0.0001591207  
        28.35     -6.967339e-05  
         28.5      1.965427e-05  
        28.65      0.0001081219  
         28.8      0.0001950021  
        28.95      0.0002795863  
         29.1      0.0003611903  
        29.25      0.0004391603  
         29.4      0.0005128776  
        29.55      0.0005817635  
         29.7      0.0006452842  
        29.85      0.0007029542  
           30      0.0007543408  
        30.15      0.0007990664  
         30.3      0.0008368119  
        30.45      0.0008673185  
         30.6      0.0008903895  
        30.75      0.0009058914  
         30.9      0.0009137547  
        31.05      0.0009139736  
         31.2      0.0009066061  
        31.35      0.0008917725  
         31.5       0.000869654  
        31.65      0.0008404911  
         31.8      0.0008045807  
        31.95      0.0007622736  
         32.1      0.0007139706  
        32.25      0.0006601195  
         32.4      0.0006012104  
        32.55      0.0005377716  
         32.7      0.0004703649  
        32.85      0.0003995807  
           33      0.0003260327  
        33.15      0.0002503529  
         33.3      0.0001731859  
        33.45      9.518376e-05  
         33.6      1.700023e-05  
        33.75     -6.071443e-05  
         33.9     -0.0001373189  
        34.05     -0.0002121862  
         34.2     -0.0002847086  
        34.35     -0.0003543024  
         34.5     -0.0004204131  
        34.65     -0.0004825191  
         34.8     -0.0005401363  
        34.95     -0.0005928216  
         35.1     -0.0006401762  
        35.25     -0.0006818488  
         35.4     -0.0007175378  
        35.55     -0.0007469937  
         35.7     -0.0007700208  
        35.85     -0.0007864781  
           36     -0.0007962802  
        36.15     -0.0007993978  
         36.3     -0.0007958572  
        36.45     -0.0007857396  
         36.6     -0.0007691803  
        36.75      -0.000746367  
         36.9     -0.0007175378  
        37.05      -0.000682979  
         37.2     -0.0006430219  
        37.35     -0.0005980403  
         37.5     -0.0005484467  
        37.65     -0.0004946886  
         37.8     -0.0004372447  
        37.95     -0.0003766203  
         38.1     -0.0003133435  
        38.25       -0.00024796  
         38.4     -0.0001810288  
        38.55     -0.0001131176  
         38.7     -4.479738e-05  
        38.85      2.336156e-05  
           39      9.079488e-05  
        39.15      0.0001569486  
         39.3      0.0002212838  
        39.45      0.0002832807  
         39.6      0.0003424431  
        39.75      0.0003983021  
         39.9      0.0004504199  
        40.05      0.0004983932  
         40.2      0.0005418562  
        40.35      0.0005804835  
         40.5      0.0006139921  
        40.65       0.000642144  
         40.8      0.0006647474  
        40.95      0.0006816578  
         41.1      0.0006927795  
        41.25      0.0006980652  
         41.4      0.0006975167  
        41.55       0.000691184  
         41.7      0.0006791648  
        41.85      0.0006616032  
           42      0.0006386881  
        42.15      0.0006106516  
         42.3      0.0005777662  
        42.45      0.0005403426  
         42.6      0.0004987269  
        42.75       0.000453297  
         42.9      0.0004044599  
        43.05      0.0003526472  
         43.2      0.0002983123  
        43.35      0.0002419257  
         43.5      0.0001839713  
        43.65      0.0001249423  
         43.8      6.533698e-05  
        43.95      5.654475e-06  
         44.1     -5.360933e-05  
        44.25     -0.0001119659  
         44.4      -0.000168938  
        44.55     -0.0002240637  
         44.7     -0.0002768999  
        44.85      -0.000327026  
           45     -0.0003740471  
        45.15     -0.0004175973  
         45.3     -0.0004573422  
        45.45     -0.0004929817  
         45.6      -0.000524252  
        45.75     -0.0005509278  
         45.9     -0.0005728235  
        46.05     -0.0005897948  
         46.2      -0.000601739  
        46.35     -0.0006085965  
         46.5     -0.0006103499  
        46.65     -0.0006070245  
         46.8     -0.0005986876  
        46.95     -0.0005854474  
         47.1      -0.000567452  
        47.25      -0.000544888  
         47.4     -0.0005179781  
        47.55     -0.0004869796  
         47.7     -0.0004521817  
        47.85     -0.0004139027  
           48     -0.0003724875  
        48.15     -0.0003283043  
         48.3     -0.0002817413  
        48.45     -0.0002332034  
         48.6      -0.000183109  
        48.75     -0.0001318858  
         48.9     -7.996777e-05  
        49.05     -2.779115e-05  
         49.2      2.420905e-05  
        49.35      7.560265e-05  
         49.5      0.0001259679  
        49.65      0.0001748949  
         49.8      0.0002219887  
        49.95      0.0002668729  
         50.1      0.0003091923  
        50.25      0.0003486156  
         50.4      0.0003848383  
        50.55      0.0004175847  
         50.7      0.0004466103  
        50.85      0.0004717032  
           51      0.0004926857  
        51.15       0.000509416  
         51.3      0.0005217882  
        51.45      0.0005297337  
         51.6      0.0005332212  
        51.75      0.0005322564  
         51.9      0.0005268821  
        52.05      0.0005171774  
         52.2      0.0005032564  
        52.35      0.0004852677  
         52.5      0.0004633922  
        52.65      0.0004378419  
         52.8      0.0004088574  
        52.95       0.000376706  
         53.1      0.0003416793  
        53.25      0.0003040904  
         53.4      0.0002642712  
        53.55      0.0002225695  
         53.7      0.0001793462  
        53.85      0.0001349717  
           54      8.982329e-05  
        54.15      4.428173e-05  
         54.3     -1.272018e-06  
        54.45     -4.645982e-05  
         54.6     -9.090952e-05  
        54.75      -0.000134258  
         54.9     -0.0001761542  
        55.05     -0.0002162616  
         55.2     -0.0002542615  
        55.35     -0.0002898548  
         55.5     -0.0003227651  
        55.65       -0.00035274  
         55.8     -0.0003795539  
        55.95     -0.0004030088  
         56.1     -0.0004229362  
        56.25     -0.0004391983  
         56.4     -0.0004516888  
        56.55     -0.0004603335  
         56.7     -0.0004650905  
        56.85     -0.0004659508  
           57     -0.0004629376  
        57.15     -0.0004561062  
         57.3     -0.0004455429  
        57.45     -0.0004313646  
         57.6     -0.0004137172  
        57.75     -0.0003927742  
         57.9     -0.0003687351  
        58.05     -0.0003418234  
         58.2     -0.0003122851  
        58.35     -0.0002803856  
         58.5     -0.0002464082  
        58.65      -0.000210651  
         58.8     -0.0001734246  
        58.95     -0.0001350495  
         59.1     -9.585297e-05  
        59.25     -5.616682e-05  
         59.4     -1.632418e-05  
        59.55      2.334309e-05  
         59.7      6.250718e-05  
        59.85       0.000100847  
           60      0.0001380508  
        60.15      0.0001738187  
         60.3      0.0002078651  
        60.45      0.0002399209  
         60.6      0.0002697356  
        60.75      0.0002970792  
         60.9      0.0003217441  
        61.05      0.0003435466  
         61.2      0.0003623279  
        61.35      0.0003779559  
         61.5      0.0003903255  
        61.65      0.0003993593  
         61.8      0.0004050085  
        61.95      0.0004072526  
         62.1      0.0004060996  
        62.25      0.0004015854  
         62.4      0.0003937738  
        62.55      0.0003827554  
         62.7      0.0003686466  
        62.85      0.0003515885  
           63      0.0003317458  
        63.15      0.0003093049  
         63.3      0.0002844722  
        63.45      0.0002574725  
         63.6      0.0002285468  
        63.75      0.0001979501  
         63.9      0.0001659493  
        64.05      0.0001328211  
         64.2      9.884908e-05  
        64.35      6.432178e-05  
         64.5      2.953007e-05  
        64.65     -5.235278e-06  
         64.8     -3.968595e-05  
        64.95     -7.353851e-05  
         65.1     -0.0001065167  
        65.25     -0.0001383536  
         65.4     -0.0001687941  
        65.55     -0.0001975962  
         65.7     -0.0002245339  
        65.85     -0.0002493981  
           66     -0.0002719986  
        66.15     -0.0002921656  
         66.3     -0.0003097506  
        66.45      -0.000324628  
         66.6     -0.0003366953  
        66.75     -0.0003458743  
         66.9     -0.0003521114  
        67.05     -0.0003553778  
         67.2     -0.0003556695  
        67.35     -0.0003530074  
         67.5     -0.0003474365  
        67.65     -0.0003390258  
         67.8     -0.0003278673  
        67.95      -0.000314075  
         68.1     -0.0002977839  
        68.25     -0.0002791486  
         68.4     -0.0002583422  
        68.55     -0.0002355542  
         68.7     -0.0002109891  
        68.85     -0.0001848648  
           69     -0.0001574102  
        69.15     -0.0001288635  
         69.3     -9.947007e-05  
        69.45      -6.94805e-05  
         69.6      -3.91483e-05  
        69.75     -8.727859e-06  
         69.9      2.152768e-05  
        70.05      5.136853e-05  
         70.2      8.055028e-05  
        70.35      0.0001088359  
         70.5      0.0001359977  
        70.65      0.0001618189  
         70.8      0.0001860958  
        70.95       0.000208639  
         71.1      0.0002292749  
        71.25      0.0002478471  
         71.4      0.0002642176  
        71.55      0.0002782677  
         71.7      0.0002898989  
        71.85      0.0002990337  
           72      0.0003056156  
        72.15      0.0003096099  
         72.3      0.0003110037  
        72.45      0.0003098057  
         72.6      0.0003060461  
        72.75       0.000299776  
         72.9      0.0002910671  
        73.05      0.0002800107  
         73.2      0.0002667168  
        73.35      0.0002513132  
         73.5      0.0002339443  
        73.65      0.0002147694  
         73.8      0.0001939618  
        73.95      0.0001717069  
         74.1      0.0001482007  
        74.25       0.000123648  
         74.4       9.82607e-05  
        74.55      7.225607e-05  
         74.7      4.585468e-05  
        74.85      1.927873e-05  
           75     -7.249865e-06  
        75.15     -3.351133e-05  
         75.3     -5.928982e-05  
        75.45     -8.437517e-05  
         75.6     -0.0001085646  
        75.75     -0.0001316644  
         75.9     -0.0001534913  
        76.05     -0.0001738742  
         76.2     -0.0001926551  
        76.35     -0.0002096907  
         76.5     -0.0002248532  
        76.65     -0.0002380315  
         76.8     -0.0002491316  
        76.95     -0.0002580777  
         77.1     -0.0002648122  
        77.25     -0.0002692966  
         77.4     -0.0002715112  
        77.55     -0.0002714554  
         77.7     -0.0002691473  
        77.85     -0.0002646236  
           78     -0.0002579392  
        78.15     -0.0002491663  
         78.3     -0.0002383942  
        78.45     -0.0002257277  
         78.6     -0.0002112869  
        78.75     -0.0001952052  
         78.9     -0.0001776291  
        79.05     -0.0001587161  
         79.2     -0.0001386334  
        79.35      -0.000117557  
         79.5     -9.566936e-05  
        79.65      -7.31586e-05  
         79.8     -5.021634e-05  
        79.95     -2.703634e-05  
         80.1     -3.812812e-06  
        80.25      1.926118e-05  
         80.4      4.199531e-05  
        80.55      6.420357e-05  
         80.7      8.570577e-05  
        80.85       0.000106329  
           81      0.0001259089  
        81.15      0.0001442912  
         81.3      0.0001613326  
        81.45      0.0001769023  
         81.6      0.0001908824  
        81.75      0.0002031694  
         81.9      0.0002136745  
        82.05      0.0002223244  
         82.2      0.0002290618  
        82.35      0.0002338458  
         82.5      0.0002366518  
        82.65       0.000237472  
         82.8      0.0002363151  
        82.95      0.0002332062  
         83.1      0.0002281862  
        83.25      0.0002213117  
         83.4      0.0002126543  
        83.55      0.0002022996  
         83.7      0.0001903469  
        83.85      0.0001769078  
           84      0.0001621055  
        84.15      0.0001460734  
         84.3      0.0001289542  
        84.45      0.0001108983  
         84.6      9.206305e-05  
        84.75      7.261071e-05  
         84.9      5.270756e-05  
        85.05      3.252228e-05  
         85.2      1.222458e-05  
        85.35     -8.016203e-06  
         85.5     -2.803256e-05  
        85.65     -4.766012e-05  
         85.8     -6.673903e-05  
        85.95     -8.511526e-05  
         86.1     -0.0001026418  
        86.25     -0.0001191798  
         86.4     -0.0001345997  
        86.55     -0.0001487823  
         86.7     -0.0001616196  
        86.85     -0.0001730155  
           87     -0.0001828867  
        87.15     -0.0001911632  
         87.3     -0.0001977887  
        87.45     -0.0002027211  
         87.6     -0.0002059327  
        87.75     -0.0002074103  
         87.9     -0.0002071551  
        88.05     -0.0002051829  
         88.2     -0.0002015232  
        88.35     -0.0001962197  
         88.5     -0.0001893293  
        88.65     -0.0001809214  
         88.8     -0.0001710777  
        88.95      -0.000159891  
         89.1     -0.0001474648  
        89.25     -0.0001339117  
         89.4     -0.0001193531  
        89.55     -0.0001039176  
         89.7     -8.774015e-05  
        89.85     -7.096077e-05  
           90     -5.372341e-05  
        90.15      -3.61747e-05  
         90.3     -1.846269e-05  
        90.45     -7.356511e-07  
         90.6      1.685919e-05  
        90.75      3.417686e-05  
         90.9       5.10758e-05  
        91.05      6.741904e-05  
         91.2      8.307528e-05  
        91.35      9.791997e-05  
         91.5      0.0001118362  
        91.65      0.0001247158  
         91.8        0.00013646  
        91.95      0.0001469801  
         92.1      0.0001561983  
        92.25      0.0001640485  
         92.4      0.0001704759  
        92.55      0.0001754385  
         92.7      0.0001789065  
        92.85      0.0001808628  
           93      0.0001813028  
        93.15      0.0001802349  
         93.3      0.0001776795  
        93.45      0.0001736696  
         93.6      0.0001682498  
        93.75       0.000161476  
         93.9       0.000153415  
        94.05      0.0001441437  
         94.2      0.0001337486  
        94.35      0.0001223246  
         94.5      0.0001099746  
        94.65      9.680836e-05  
         94.8      8.294142e-05  
        94.95      6.849436e-05  
         95.1       5.35916e-05  
        95.25      3.836037e-05  
         95.4      2.292962e-05  
        95.55      7.428974e-06  
         95.7     -8.012395e-06  
        95.85      -2.32668e-05  
           96     -3.820912e-05  
        96.15     -5.271777e-05  
         96.3     -6.667575e-05  
        96.45     -7.997151e-05  
         96.6     -9.249989e-05  
        96.75     -0.0001041629  
         96.9     -0.0001148705  
        97.05     -0.0001245413  
         97.2     -0.0001331031  
        97.35     -0.0001404935  
         97.5     -0.0001466604  
        97.65     -0.0001515621  
         97.8     -0.0001551677  
        97.95     -0.0001574576  
         98.1     -0.0001584229  
        98.25     -0.0001580659  
         98.4        -0.0001564  
        98.55     -0.0001534492  
         98.7      -0.000149248  
        98.85      -0.000143841  
           99     -0.0001372825  
        99.15     -0.0001296359  
         99.3     -0.0001209731  
        99.45      -0.000111374  
         99.6     -0.0001009256  
        99.75     -8.972106e-05  
         99.9     -7.785941e-05  
       100.05     -6.544416e-05  
        100.2     -5.258268e-05  
       100.35     -3.938517e-05  
        100.5     -2.596378e-05  
       100.65     -1.243163e-05  
        100.8      1.098117e-06  
       100.95      1.451319e-05  
        101.1      2.770317e-05  
       101.25      4.056035e-05  
        101.4      5.298062e-05  
       101.55      6.486432e-05  
        101.7      7.611702e-05  
       101.85      8.665027e-05  
          102      9.638225e-05  
       102.15      0.0001052385  
        102.3      0.0001131522  
       102.45      0.0001200653  
        102.6       0.000125928  
       102.75      0.0001306999  
        102.9        0.00013435  
       103.05      0.0001368566  
        103.2       0.000138208  
       103.35      0.0001384019  
        103.5      0.0001374457  
       103.65      0.0001353564  
        103.8      0.0001321601  
       103.95      0.0001278919  
        104.1      0.0001225958  
       104.25      0.0001163235  
        104.4      0.0001091349  
       104.55      0.0001010967  
        104.7      9.228219e-05  
       104.85      8.277066e-05  
          105      7.264644e-05  
       105.15      6.199833e-05  
        105.3       5.09188e-05  
       105.45      3.950314e-05  
        105.6      2.784872e-05  
       105.75      1.605411e-05  
        105.9      4.218296e-06  
       106.05     -7.560188e-06  
        106.2     -1.918404e-05  
       106.35     -3.055801e-05  
        106.5     -4.158965e-05  
       106.65     -5.219008e-05  
        106.8     -6.227471e-05  
       106.95     -7.176386e-05  
        107.1     -8.058344e-05  
       107.25     -8.866547e-05  
        107.4     -9.594864e-05  
       107.55     -0.0001023787  
        107.7     -0.0001079091  
       107.85     -0.0001125008  
          108      -0.000116123  
       108.15     -0.0001187533  
        108.3     -0.0001203776  
       108.45     -0.0001209903  
        108.6     -0.0001205941  
       108.75     -0.0001192003  
        108.9     -0.0001168281  
       109.05     -0.0001135049  
        109.2     -0.0001092656  
       109.35     -0.0001041527  
        109.5     -9.821538e-05  
       109.65      -9.15093e-05  
        109.8     -8.409612e-05  
       109.95     -7.604289e-05  
        110.1     -6.742144e-05  
       110.25     -5.830774e-05  
        110.4     -4.878126e-05  
       110.55     -3.892428e-05  
        110.7     -2.882118e-05  
       110.85     -1.855773e-05  
          111     -8.220338e-06  
       111.15       2.10462e-06  
        111.3      1.233156e-05  
       111.45      2.237638e-05  
        111.6      3.215714e-05  
       111.75      4.159473e-05  
        111.9      5.061351e-05  
       112.05       5.91419e-05  
        112.2      6.711296e-05  
       112.35      7.446489e-05  
        112.5      8.114149e-05  
       112.65      8.709264e-05  
        112.8      9.227461e-05  
       112.95      9.665039e-05  
        113.1        0.00010019  
       113.25      0.0001028705  
        113.4      0.0001046764  
       113.55      0.0001055995  
        113.7      0.0001056391  
       113.85      0.0001048018  
          114      0.0001031012  
       114.15      0.0001005583  
        114.3      9.720078e-05  
       114.45      9.306279e-05  
        114.6      8.818478e-05  
       114.75        8.2613e-05  
        114.9      7.639912e-05  
       115.05       6.95997e-05  
        115.2      6.227575e-05  
       115.35      5.449212e-05  
        115.5      4.631701e-05  
       115.65      3.782131e-05  
        115.8      2.907802e-05  
       115.95      2.016163e-05  
        116.1      1.114749e-05  
       116.25      2.111163e-06  
        116.4     -6.872184e-06  
       116.55     -1.572842e-05  
        116.7     -2.438503e-05  
       116.85     -3.277175e-05  
          117     -4.082107e-05  
       117.15     -4.846883e-05  
        117.3     -5.565471e-05  
       117.45     -6.232266e-05  
        117.6     -6.842139e-05  
       117.75     -7.390473e-05  
        117.9     -7.873199e-05  
       118.05     -8.286821e-05  
        118.2     -8.628447e-05  
       118.35     -8.895802e-05  
        118.5     -9.087249e-05  
       118.65      -9.20179e-05  
        118.8     -9.239074e-05  
       118.95     -9.199395e-05  
        119.1     -9.083683e-05  
       119.25     -8.893491e-05  
        119.4     -8.630979e-05  
       119.55     -8.298889e-05  
        119.7      -7.90052e-05  
       119.85     -7.439694e-05  
          120     -6.920725e-05  
       120.15     -6.348371e-05  
        120.3       -5.7278e-05  
       120.45     -5.064536e-05  
        120.6     -4.364419e-05  
       120.75     -3.633544e-05  
        120.9     -2.878218e-05  
       121.05     -2.104899e-05  
        121.2     -1.320145e-05  
       121.35     -5.305585e-06  
        121.5      2.572712e-06  
       121.65      1.036819e-05  
        121.8      1.801682e-05  
       121.95      2.545625e-05  
        122.1       3.26264e-05  
       122.25      3.946985e-05  
        122.4      4.593236e-05  
       122.55      5.196327e-05  
        122.7      5.751591e-05  
       122.85      6.254792e-05  
          123      6.702161e-05  
       123.15       7.09042e-05  
        123.3      7.416809e-05  
       123.45      7.679103e-05  
        123.6      7.875623e-05  
       123.75      8.005253e-05  
        123.9      8.067439e-05  
       124.05       8.06219e-05  
        124.2      7.990077e-05  
       124.35      7.852219e-05  
        124.5      7.650273e-05  
       124.65      7.386416e-05  
        124.8       7.06332e-05  
       124.95      6.684129e-05  
        125.1      6.252426e-05  
       125.25      5.772204e-05  
        125.4      5.247827e-05  
       125.55      4.683991e-05  
        125.7      4.085683e-05  
       125.85      3.458137e-05  
          126      2.806789e-05  
       126.15      2.137229e-05  
        126.3      1.455157e-05  
       126.45      7.663308e-06  
        126.6      7.651868e-07  
       126.75     -6.085468e-06  
        126.9     -1.283217e-05  
       127.05     -1.941976e-05  
        127.2     -2.579479e-05  
       127.35     -3.190602e-05  
        127.5     -3.770479e-05  
       127.65     -4.314543e-05  
        127.8     -4.818557e-05  
       127.95     -5.278651e-05  
        128.1      -5.69135e-05  
       128.25     -6.053599e-05  
        128.4     -6.362784e-05  
       128.55     -6.616755e-05  
        128.7     -6.813833e-05  
       128.85     -6.952829e-05  
          129     -7.033041e-05  
       129.15     -7.054262e-05  
        129.3     -7.016776e-05  
       129.45     -6.921353e-05  
        129.6     -6.769236e-05  
       129.75      -6.56213e-05  
        129.9     -6.302183e-05  
       130.05     -5.991964e-05  
        130.2      -5.63444e-05  
       130.35     -5.232947e-05  
        130.5     -4.791159e-05  
       130.65     -4.313058e-05  
        130.8     -3.802894e-05  
       130.95     -3.265151e-05  
        131.1     -2.704507e-05  
       131.25     -2.125793e-05  
        131.4     -1.533953e-05  
       131.55     -9.339997e-06  
        131.7     -3.309765e-06  
       131.85      2.700888e-06  
          132      8.642235e-06  
       132.15      1.446551e-05  
        132.3      2.012331e-05  
       132.45      2.556997e-05  
        132.6      3.076195e-05  
       132.75      3.565813e-05  
        132.9       4.02202e-05  
       133.05       4.44129e-05  
        133.2      4.820433e-05  
       133.35      5.156614e-05  
        133.5       5.44738e-05  
       133.65      5.690671e-05  
        133.8      5.884839e-05  
       133.95      6.028655e-05  
        134.1       6.12132e-05  
       134.25      6.162463e-05  
        134.4      6.152144e-05  
       134.55      6.090852e-05  
        134.7      5.979491e-05  
       134.85      5.819378e-05  
          135       5.61222e-05  
       135.15      5.360105e-05  
        135.3      5.065474e-05  
       135.45      4.731106e-05  
        135.6      4.360084e-05  
       135.75      3.955774e-05  
        135.9       3.52179e-05  
       136.05      3.061966e-05  
        136.2      2.580319e-05  
       136.35      2.081016e-05  
        136.5      1.568339e-05  
       136.65      1.046646e-05  
        136.8      5.203381e-06  
       136.95     -6.182174e-08  
        137.1     -5.285434e-06  
       137.25     -1.042443e-05  
        137.4     -1.543683e-05  
       137.55     -2.028202e-05  
        137.7     -2.492109e-05  
       137.85     -2.931715e-05  
          138     -3.343563e-05  
       138.15     -3.724451e-05  
        138.3     -4.071459e-05  
       138.45     -4.381972e-05  
        138.6     -4.653697e-05  
       138.75     -4.884684e-05  
        138.9     -5.073332e-05  
       139.05     -5.218406e-05  
        139.2     -5.319042e-05  
       139.35     -5.374753e-05  
        139.5     -5.385425e-05  
       139.65     -5.351322e-05  
        139.8     -5.273076e-05  
       139.95     -5.151681e-05  
        140.1     -4.988481e-05  
       140.25     -4.785157e-05  
        140.4     -4.543708e-05  
       140.55     -4.266436e-05  
        140.7     -3.955921e-05  
       140.85        -3.615e-05  
          141     -3.246739e-05  
       141.15     -2.854408e-05  
        141.3     -2.441449e-05  
       141.45     -2.011451e-05  
        141.6     -1.568116e-05  
       141.75     -1.115226e-05  
        141.9     -6.566141e-06  
       142.05     -1.961313e-06  
        142.2      2.623866e-06  
       142.35      7.151498e-06  
        142.5      1.158446e-05  
       142.65       1.58867e-05  
        142.8      2.002354e-05  
       142.95      2.396194e-05  
        143.1      2.767075e-05  
       143.25        3.1121e-05  
        143.4      3.428608e-05  
       143.55      3.714192e-05  
        143.7      3.966726e-05  
       143.85      4.184372e-05  
          144      4.365594e-05  
       144.15      4.509174e-05  
        144.3      4.614213e-05  
       144.45      4.680142e-05  
        144.6      4.706716e-05  
       144.75      4.694024e-05  
        144.9      4.642477e-05  
       145.05      4.552806e-05  
        145.2      4.426051e-05  
       145.35      4.263556e-05  
        145.5      4.066946e-05  
       145.65      3.838119e-05  
        145.8      3.579227e-05  
       145.95      3.292651e-05  
        146.1      2.980987e-05  
       146.25      2.647016e-05  
        146.4      2.293683e-05  
       146.55      1.924073e-05  
        146.7      1.541378e-05  
       146.85      1.148878e-05  
          147      7.499064e-06  
       147.15      3.478238e-06  
        147.3     -5.400842e-07  
       147.45     -4.522575e-06  
        147.6     -8.436464e-06  
       147.75     -1.224981e-05  
        147.9     -1.593174e-05  
       148.05     -1.945274e-05  
        148.2     -2.278484e-05  
       148.35     -2.590186e-05  
        148.5      -2.87796e-05  
       148.65     -3.139607e-05  
        148.8     -3.373157e-05  
       148.95     -3.576893e-05  
        149.1     -3.749356e-05  
       149.25     -3.889358e-05  
        149.4     -3.995992e-05  
       149.55     -4.068632e-05  
        149.7     -4.106942e-05  
       149.85      -4.11087e-05  

